0.043992 0.003292 0.001000 0.603100 0.075667 0.090458 0.000650 0.001725 0.147850 0.032217
0.043992 0.003292 0.001000 0.603100 0.075667 0.090458 0.000650 0.001725 0.147850 0.032217 
0.006536 0.170273 0.000573 0.229145 0.001264 0.342436 0.015055 0.225227 0.005473 0.004018 
0.012988 0.001563 0.724588 0.115012 0.004562 0.000887 0.001863 0.135250 0.000175 0.003100 
0.001717 0.490883 0.003233 0.300683 0.006350 0.000183 0.005467 0.000117 0.191117 0.000217 
0.002690 0.732840 0.010820 0.183610 0.001270 0.057540 0.000170 0.003250 0.002100 0.005690 
0.151390 0.003580 0.001590 0.057860 0.057200 0.405300 0.000560 0.120760 0.171730 0.029980 
0.216050 0.000825 0.280375 0.097375 0.000900 0.205675 0.000225 0.149500 0.000275 0.048750 
0.001465 0.002213 0.001880 0.952900 0.005107 0.003100 0.025215 0.001137 0.002154 0.004791 
0.005309 0.002486 0.002595 0.036914 0.000741 0.946177 0.003864 0.000495 0.000773 0.000636 
0.120533 0.000200 0.263150 0.259483 0.023583 0.024283 0.197117 0.065917 0.041433 0.004300 
0.012940 0.000100 0.121480 0.298600 0.215100 0.214940 0.131480 0.003400 0.001380 0.000620 
0.086133 0.001256 0.000589 0.706511 0.177356 0.005289 0.002911 0.017356 0.000500 0.002078 
0.003725 0.224800 0.024575 0.026875 0.090025 0.560875 0.000200 0.000100 0.068725 0.000125 
0.000360 0.010470 0.000640 0.269140 0.650240 0.000620 0.000600 0.065720 0.002060 0.000100 
0.654893 0.000307 0.000867 0.321340 0.000633 0.013813 0.000327 0.005020 0.002153 0.000653 
0.124270 0.005800 0.018560 0.129450 0.002300 0.048540 0.003830 0.017470 0.619730 0.030030 
0.011422 0.001767 0.001294 0.742667 0.010394 0.115117 0.000756 0.102639 0.001067 0.012906 
0.311871 0.150086 0.228700 0.089314 0.030971 0.007486 0.167329 0.005000 0.007486 0.001814 
0.003190 0.000630 0.017630 0.339990 0.018210 0.015050 0.051410 0.008720 0.000930 0.544200 
0.002155 0.007091 0.000518 0.036809 0.004909 0.854836 0.005864 0.002000 0.085373 0.000473 
0.001100 0.000167 0.000133 0.064100 0.000367 0.367667 0.566167 0.000100 0.000133 0.000100 
0.000730 0.005950 0.155870 0.743930 0.000560 0.005080 0.000600 0.000420 0.003890 0.082920 
0.168250 0.002700 0.003450 0.036325 0.771125 0.017025 0.000100 0.000550 0.000325 0.000100 
0.000929 0.014271 0.001286 0.105171 0.607729 0.242100 0.003429 0.000643 0.000800 0.023629 
0.092489 0.000711 0.002178 0.262778 0.000156 0.570733 0.000911 0.066822 0.000867 0.002344 
0.003047 0.001100 0.166653 0.714733 0.103647 0.004400 0.000627 0.001967 0.000993 0.002800 
0.163650 0.012150 0.018725 0.532000 0.001775 0.133362 0.000412 0.012925 0.000450 0.124563 
0.000682 0.000544 0.001274 0.760087 0.001246 0.229354 0.001946 0.000369 0.003151 0.001328 
0.003591 0.001091 0.001909 0.185682 0.127464 0.047655 0.004636 0.013809 0.559645 0.054500 