577123 293.455 293.455 0 43.2891 33.65 33.65 0 0 28878
634744 465.501 172.046 0 43.2891 36.25 36.25 0 0 13
346544 599.41 133.909 0 43.3555 40.65 40.65 0 0 16
214589 699.347 99.9374 0 43.3555 52.3667 52.3667 0 0 39
86954 792.983 93.636 0 43.3555 60.1833 60.1833 0 0 24
128191 877.797 84.8131 0 43.3555 67.9333 67.9333 0 0 24
975218 942.306 64.5096 0 43.3555 104.317 104.317 0 0 96
115460 1006 63.6899 0 43.3555 110.633 110.633 0 0 15
850205 1063.71 57.7177 0 43.3555 128.45 128.45 0 0 43
380134 1123.39 59.6713 0 43.3555 160.117 160.117 0 0 60
65860 1175.85 52.4618 0 43.3555 172 172 0 0 24
332101 1216.72 40.8772 0 43.3555 262.833 262.833 0 0 173
23591 1256.49 39.771 0 43.3555 281.883 281.883 0 0 31
246550 1301.23 44.7322 0 43.3555 296.467 296.467 0 0 25
958709 1336.68 35.4526 0 43.3555 349.2 349.2 0 0 93
177936 1372.49 35.8071 0 43.3555 369.233 369.233 0 0 33
92695 1402.65 30.1597 0 43.3555 479.3 479.3 0 0 180
37949 1431.45 28.8081 0 43.3555 528.317 528.317 0 0 73
114609 1461.43 29.9786 0 43.3555 547.7 547.7 0 0 33
432501 1492.23 30.7986 0 43.3555 568.967 568.967 0 0 34
137833 1526.93 34.6948 0 43.3555 592.883 592.883 0 0 37
147189 1552.92 25.9968 0 43.3555 643.683 643.683 0 0 70
160386 1579.49 26.5623 0 43.3555 645.183 645.183 0 0 2
403334 1607.69 28.2053 0 43.3555 650.817 650.817 0 0 7
133490 1638.5 30.8071 0 43.3555 653.767 653.767 0 0 4
340017 1666.33 27.835 0 43.3555 663.1 663.1 0 0 13
29658 1691.54 25.2021 0 43.3555 679.483 679.483 0 0 21
107023 1720.01 28.4788 0 43.3555 701.7 701.7 0 0 28
164704 1744.67 24.6531 0 43.3555 775.9 775.9 0 0 91
246754 1770.64 25.9717 0 43.3555 787.55 787.55 0 0 15
517293 1794.04 23.4026 0 43.3555 853.533 853.533 0 0 76
318729 1818.6 24.5588 0 43.3555 892.117 892.117 0 0 47
110700 1842.55 23.9513 0 43.3555 905.25 905.25 0 0 14
335306 1868.56 26.0034 0 43.3555 912.267 912.267 0 0 9
99925 1892.11 23.5562 0 43.3555 940.733 940.733 0 0 31
876316 1916.12 24.0048 0 43.3555 974.117 974.117 0 0 38
511798 1937.41 21.2902 0 43.3555 1027.58 1027.58 0 0 60
168897 1962.12 24.7134 0 43.3555 1039.03 1039.03 0 0 11
721676 1985.56 23.4362 0 43.3555 1104.25 1104.25 0 0 64
245335 1996.17 10.6146 0 43.3555 3062.8 3062.8 0 0 2066
38888 2007.25 11.0834 0 43.3555 3323.67 3323.67 0 0 270
790771 2019.58 12.3264 0 43.3555 3344.55 3344.55 0 0 22
330565 2029.31 9.72949 0 43.3555 3361 3361 0 0 17
402461 2039.66 10.3539 0 43.3555 3380.18 3380.18 0 0 19
143138 2050.27 10.6036 0 43.3555 3399.05 3399.05 0 0 20
698558 2060.81 10.5381 0 43.3555 3445.42 3445.42 0 0 46
98309 2073.97 13.1665 0 43.3555 3587.87 3587.87 0 0 146
174584 2084.53 10.5613 0 43.3555 3593 3593 0 0 5
634823 2097.13 12.5923 0 43.3555 3650.58 3650.58 0 0 62
929268 2111 13.8735 0 43.3555 3651.57 3651.57 0 0 1
