177936 89.1045 89.1045 0 43.2578 5.88333 5.88333 0 0 28878
161119 169.035 79.9308 0 43.2578 6.08333 6.08333 0 0 3
1032641 242.012 72.9771 0 43.2578 6.48333 6.48333 0 0 4
227441 307.887 65.8741 0 43.2578 7.21667 7.21667 0 0 6
17974 372.645 64.7587 0 43.2578 7.35 7.35 0 0 1
113799 427.728 55.0829 0 43.2578 8.53333 8.53333 0 0 7
252501 479.699 51.9705 0 43.2578 9.9 9.9 0 0 7
511951 524.879 45.1803 0 43.2578 11.05 11.05 0 0 5
141708 565.647 40.7685 0 43.2578 12.35 12.35 0 0 5
315767 605.303 39.656 0 43.3672 15.4667 15.4667 0 0 11
61054 645.522 40.219 0 43.3672 17.0667 17.0667 0 0 5
1003931 682.131 36.6083 0 43.3672 18.1333 18.1333 0 0 3
155208 716.92 34.7894 0 43.3672 20.0667 20.0667 0 0 5
172608 750.471 33.5508 0 43.3672 22.35 22.35 0 0 6
517293 782.534 32.0634 0 43.3672 25.9667 25.9667 0 0 8
103957 813.157 30.6223 0 43.3672 36.0333 36.0333 0 0 24
328052 841.022 27.8654 0 43.3672 42.0333 42.0333 0 0 13
118076 867.011 25.9891 0 43.3672 46.8 46.8 0 0 12
454291 892.96 25.9489 0 43.3672 50.9833 50.9833 0 0 10
432288 919.323 26.3632 0 43.3672 51.8167 51.8167 0 0 2
87058 943.644 24.3212 0 43.3672 60.2333 60.2333 0 0 17
582577 967.139 23.4948 0 43.3672 65.2 65.2 0 0 9
526676 991.393 24.2539 0 43.3672 72.6667 72.6667 0 0 13
152636 1015.13 23.7395 0 43.3672 73.2667 73.2667 0 0 1
110700 1038.02 22.8829 0 43.3672 76.9333 76.9333 0 0 6
962658 1058.19 20.1764 0 43.3672 102.017 102.017 0 0 41
98186 1078.13 19.9379 0 43.3672 103.933 103.933 0 0 3
362129 1096.74 18.609 0 43.3672 120.9 120.9 0 0 33
187003 1117.21 20.4755 0 43.3672 121.967 121.967 0 0 2
344181 1137.37 20.1608 0 43.3672 122.55 122.55 0 0 1
226267 1158.31 20.9353 0 43.3672 124.15 124.15 0 0 3
242916 1179.29 20.9795 0 43.3672 134.017 134.017 0 0 18
370144 1199.79 20.4968 0 43.3672 134.75 134.75 0 0 1
17570 1218.06 18.2689 0 43.3672 136.25 136.25 0 0 2
109224 1236.88 18.8273 0 43.3672 136.833 136.833 0 0 1
992020 1254.89 18.0051 0 43.3672 141.717 141.717 0 0 8
851012 1273.71 18.8218 0 43.3672 142.35 142.35 0 0 1
850205 1292.72 19.0109 0 43.3672 144.983 144.983 0 0 4
176360 1309.41 16.6936 0 43.3672 155.033 155.033 0 0 15
143224 1326.22 16.8088 0 43.3672 162.583 162.583 0 0 11
513366 1342.24 16.0127 0 43.3672 172.267 172.267 0 0 15
346544 1358.34 16.0997 0 43.3672 176.45 176.45 0 0 6
165161 1374.74 16.4034 0 43.3672 178.167 178.167 0 0 2
901383 1392.05 17.3135 0 43.3672 183.183 183.183 0 0 6
199561 1407.57 15.5137 0 43.3672 201.75 201.75 0 0 25
881829 1422.64 15.0741 0 43.3672 206.033 206.033 0 0 6
818473 1438.16 15.5232 0 43.3672 207.583 207.583 0 0 2
584073 1453.76 15.5919 0 43.3672 216.617 216.617 0 0 12
36732 1469.54 15.7812 0 43.3672 221.95 221.95 0 0 6
242698 1485.95 16.4104 0 43.3672 231.45 231.45 0 0 11
