37949 142.834 142.834 0 43.2852 7.8 7.8 0 0 28878
330695 270.836 128.002 0 43.2852 8.2 8.2 0 0 5
113799 387.477 116.641 0 43.2852 8.75 8.75 0 0 4
227441 495.937 108.461 0 43.2852 8.91667 8.91667 0 0 1
61054 588.806 92.8685 0 43.2852 10.0333 10.0333 0 0 5
315767 663.703 74.8976 0 43.2852 12.4 12.4 0 0 8
177936 737.644 73.9412 0 43.2852 12.75 12.75 0 0 1
511951 805.382 67.7379 0 43.2852 16.35 16.35 0 0 9
123500 872.378 66.9957 0 43.2852 16.7833 16.7833 0 0 1
141708 925.421 53.0429 0 43.2852 30.2333 30.2333 0 0 29
172608 975.714 50.2935 0 43.2852 34.4 34.4 0 0 10
517293 1025.54 49.8234 0 43.2852 35.6667 35.6667 0 0 3
155208 1073.7 48.1605 0 43.2852 39.7833 39.7833 0 0 9
1003931 1120.65 46.949 0 43.2852 41.2333 41.2333 0 0 3
118076 1165.01 44.3672 0 43.2852 45.7833 45.7833 0 0 9
432288 1207.4 42.3816 0 43.3711 53 53 0 0 12
526676 1246.18 38.7838 0 43.3711 66.9167 66.9167 0 0 24
454291 1281.43 35.2455 0 43.3711 81.7833 81.7833 0 0 22
438609 1316.94 35.5146 0 43.3711 85.4667 85.4667 0 0 5
103957 1350.41 33.4669 0 43.3711 93.0833 93.0833 0 0 10
863873 1384.53 34.1265 0 43.3711 93.7167 93.7167 0 0 1
152636 1417.7 33.1653 0 43.3711 97.5167 97.5167 0 0 5
582577 1447.44 29.7458 0 43.3711 115.75 115.75 0 0 25
242916 1478.36 30.9166 0 43.3711 117.033 117.033 0 0 2
226267 1506.04 27.675 0 43.3711 133.017 133.017 0 0 23
962658 1533.88 27.844 0 43.3711 133.017 133.017 0 0 0
328052 1560.36 26.476 0 43.3711 146.267 146.267 0 0 18
851012 1586.58 26.2201 0 43.3711 151.733 151.733 0 0 7
344181 1611.27 24.6976 0 43.3711 184.967 184.967 0 0 44
307081 1634.89 23.6144 0 43.3711 193.05 193.05 0 0 10
1018566 1658 23.1079 0 43.3711 211.917 211.917 0 0 23
850205 1681.31 23.3109 0 43.3711 214.167 214.167 0 0 3
242698 1705.17 23.8582 0 43.3711 215.833 215.833 0 0 2
370144 1726.6 21.4342 0 43.3711 249.6 249.6 0 0 37
308002 1749.53 22.9271 0 43.3711 256.55 256.55 0 0 7
881829 1771.27 21.7406 0 43.3711 259.55 259.55 0 0 3
362129 1792.44 21.1744 0 43.3711 262.8 262.8 0 0 4
992020 1813.94 21.4955 0 43.3711 268.783 268.783 0 0 7
594736 1836.22 22.2812 0 43.3711 274.233 274.233 0 0 6
522791 1857.34 21.1187 0 43.3711 275.067 275.067 0 0 1
977447 1877.31 19.9723 0 43.3711 290.933 290.933 0 0 18
187003 1897.54 20.2301 0 43.3711 314.167 314.167 0 0 24
986792 1919.46 21.9174 0 43.3711 326.333 326.333 0 0 13
143224 1937.41 17.9514 0 43.3711 348.717 348.717 0 0 24
584073 1956.68 19.2712 0 43.3711 350.433 350.433 0 0 2
186120 1974.63 17.9473 0 43.3711 370.85 370.85 0 0 20
98186 1991.32 16.6902 0 43.3711 388.533 388.533 0 0 21
318749 1997.97 6.64844 0 43.3711 1176.47 1176.47 0 0 793
323636 2004.77 6.80347 0 43.3711 1202.8 1202.8 0 0 25
41445 2012.09 7.31763 0 43.3711 1203.85 1203.85 0 0 1
