177936 267.098 267.098 0 43.293 30.7167 30.7167 0 0 28878
312767 439.122 172.024 0 43.293 32.35 32.35 0 0 6
591267 581.447 142.325 0 43.3555 34.95 34.95 0 0 8
243686 701.14 119.692 0 43.3555 40.15 40.15 0 0 15
80613 805.899 104.76 0 43.3555 46.8667 46.8667 0 0 17
318023 908.795 102.895 0 43.3555 48.2167 48.2167 0 0 3
850205 989.022 80.2272 0 43.3555 76.6167 76.6167 0 0 56
114609 1068.22 79.2024 0 43.3555 78.8667 78.8667 0 0 5
655285 1145.13 76.9011 0 43.3555 84.55 84.55 0 0 12
651325 1221.56 76.4367 0 43.3555 89.2 89.2 0 0 8
100088 1234.55 12.9873 0 43.3555 1256.07 1256.07 0 0 1977
115460 1244.93 10.3826 0 43.3555 1618.53 1618.53 0 0 578
9914 1254.75 9.81897 0 43.3555 1782.33 1782.33 0 0 259
346544 1318.15 63.3959 0 43.3555 2060.93 2060.93 0 0 457
525143 1328.02 9.87048 0 43.3555 2063.42 2063.42 0 0 4
68048 1335.2 7.1864 0 43.3555 2414.65 2414.65 0 0 537
117913 1341.96 6.75305 0 43.3555 2630.07 2630.07 0 0 331
1004393 1347.84 5.88318 0 43.3555 3009.97 3009.97 0 0 568
679162 1353.59 5.7511 0 43.3555 3230.92 3230.92 0 0 330
209652 1406.17 52.5757 0 43.3555 3527.15 3527.15 0 0 447
178773 1412.22 6.05627 0 43.3555 3529.05 3529.05 0 0 3
1015416 1417.77 5.54431 0 43.3555 3640.93 3640.93 0 0 162
335306 1464.48 46.7107 0 43.3555 3829.18 3829.18 0 0 271
209466 1471.95 7.47485 0 43.3555 3830.43 3830.43 0 0 2
907219 1477.31 5.35291 0 43.3555 3842.33 3842.33 0 0 19
530094 1483.78 6.47681 0 43.3555 3856.28 3856.28 0 0 19
514300 1490.07 6.28528 0 43.3555 4368.57 4368.57 0 0 707
316882 1495.42 5.35352 0 43.3555 4442.28 4442.28 0 0 99
934217 1500.31 4.89221 0 43.3555 4443.8 4443.8 0 0 2
33692 1504.97 4.65894 0 43.3555 4449.68 4449.68 0 0 9
404019 1509.01 4.04065 0 43.3555 4514.2 4514.2 0 0 86
359711 1514.52 5.50305 0 43.3555 4516.2 4516.2 0 0 3
299762 1518.91 4.39563 0 43.3555 4524.88 4524.88 0 0 12
239276 1527.67 8.75732 0 43.3555 4526.98 4526.98 0 0 3
971431 1534.13 6.45679 0 43.3555 4530.23 4530.23 0 0 5
888880 1537.88 3.75769 0 43.3555 4869.37 4869.37 0 0 465
977113 1542.86 4.97192 0 43.3555 4874.68 4874.68 0 0 7
309632 1549.43 6.57922 0 43.3555 4891.18 4891.18 0 0 22
409813 1554.68 5.24158 0 43.3555 4893.37 4893.37 0 0 3
742146 1558.08 3.40247 0 43.3555 5238.2 5238.2 0 0 472
129388 1563.1 5.02344 0 43.3555 5491.98 5491.98 0 0 328
686319 1566.9 3.7948 0 43.3555 5494.1 5494.1 0 0 3
35780 1571.78 4.8877 0 43.3555 5496.42 5496.42 0 0 3
194958 1576.77 4.98865 0 43.3555 5500.35 5500.35 0 0 5
979146 1580.4 3.62573 0 43.3555 5601.77 5601.77 0 0 130
1015620 1584.71 4.30847 0 43.3555 5603.18 5603.18 0 0 2
118909 1589.52 4.80798 0 43.3555 5648.6 5648.6 0 0 62
356325 1592.94 3.42859 0 43.3555 5657.87 5657.87 0 0 12
149880 1597.59 4.64795 0 43.3555 5688.1 5688.1 0 0 39
860515 1601.19 3.59583 0 43.3555 5709.72 5709.72 0 0 27
