177936 136.338 136.338 0 43.3281 14.5167 14.5167 0 0 28878
252501 236.85 100.513 0 43.3281 14.8333 14.8333 0 0 3
161119 325.232 88.3819 0 43.3281 14.9667 14.9667 0 0 1
37949 393.625 68.3932 0 43.3281 17.7167 17.7167 0 0 14
238441 457.612 63.987 0 43.3281 18.6333 18.6333 0 0 4
511951 515.735 58.1226 0 43.3281 21.2333 21.2333 0 0 10
850205 569.3 53.5649 0 43.3281 24.5667 24.5667 0 0 11
17974 619.221 49.9207 0 43.3281 27.7833 27.7833 0 0 10
517293 667.729 48.5081 0 43.3281 28.4667 28.4667 0 0 2
141708 713.547 45.8182 0 43.3281 33.6667 33.6667 0 0 15
113799 753.275 39.7278 0 43.3281 48.8333 48.8333 0 0 42
128191 790.445 37.17 0 43.3281 58.7333 58.7333 0 0 25
209652 827.756 37.3114 0 43.3281 62.1833 62.1833 0 0 8
362129 863.514 35.7581 0 43.3281 66.9333 66.9333 0 0 11
513366 899.865 36.3508 0 43.3281 67.4167 67.4167 0 0 1
155208 933.182 33.317 0 43.3281 90.3167 90.3167 0 0 48
103957 963.26 30.0778 0 43.3281 101.567 101.567 0 0 25
584073 995.779 32.5193 0 43.3281 102.1 102.1 0 0 1
346544 1024.88 29.1036 0 43.3281 108.783 108.783 0 0 13
61054 1054.89 30.0066 0 43.3281 109.417 109.417 0 0 1
328052 1086.07 31.1785 0 43.3281 110.367 110.367 0 0 2
172608 1113.21 27.1443 0 43.3281 125.867 125.867 0 0 30
380134 1143.67 30.4579 0 43.3281 133.983 133.983 0 0 13
1003931 1168.98 25.3143 0 43.3281 151.533 151.533 0 0 28
901383 1194.79 25.803 0 43.3281 163.067 163.067 0 0 18
187003 1219.38 24.5923 0 43.3281 167.833 167.833 0 0 7
226267 1248.01 28.6278 0 43.3281 167.833 167.833 0 0 0
17570 1267.01 18.9987 0 43.3281 312.567 312.567 0 0 236
929268 1285.58 18.5695 0 43.3281 326.133 326.133 0 0 21
370144 1304.91 19.3364 0 43.3281 335.533 335.533 0 0 15
863873 1323.21 18.2994 0 43.3281 345.483 345.483 0 0 17
64673 1342.4 19.1924 0 43.3281 357.333 357.333 0 0 19
541678 1360.13 17.7263 0 43.3281 375.267 375.267 0 0 30
818473 1377.98 17.8463 0 43.3281 381.367 381.367 0 0 9
248525 1399.73 21.7548 0 43.3281 387.1 387.1 0 0 8
454291 1418.72 18.9895 0 43.3281 389.667 389.667 0 0 4
36732 1439.4 20.6836 0 43.3281 392.867 392.867 0 0 5
98186 1458.19 18.7905 0 43.3281 402.483 402.483 0 0 15
600335 1480.42 22.2288 0 43.3281 410.817 410.817 0 0 11
65860 1496.82 16.4012 0 43.3281 423.25 423.25 0 0 16
582577 1517.82 20.9972 0 43.3281 429.433 429.433 0 0 9
432288 1533.39 15.5704 0 43.3281 459.633 459.633 0 0 39
584679 1550.11 16.7158 0 43.3281 465.817 465.817 0 0 7
795 1566.41 16.3046 0 43.3281 467.283 467.283 0 0 2
143224 1584.06 17.6426 0 43.3281 473.317 473.317 0 0 7
103001 1602.04 17.9883 0 43.3281 484.5 484.5 0 0 14
851012 1622.03 19.9827 0 43.3281 492.3 492.3 0 0 9
199561 1643.83 21.8026 0 43.3281 544.033 544.033 0 0 67
149580 1657.85 14.022 0 43.3281 594.2 594.2 0 0 64
32472 1672.7 14.8529 0 43.3281 600.917 600.917 0 0 9
