177936 112.12 112.12 0 43.2383 11.3833 11.3833 0 0 28878
161119 202.416 90.2955 0 43.3516 11.55 11.55 0 0 2
37949 277.072 74.6563 0 43.3516 11.9833 11.9833 0 0 4
227441 341.215 64.1425 0 43.3516 13.6167 13.6167 0 0 10
17974 398.355 57.1403 0 43.3516 14.8833 14.8833 0 0 7
511951 455.155 56.8003 0 43.3516 15.6833 15.6833 0 0 4
517293 508.99 53.8347 0 43.3516 17.05 17.05 0 0 5
252501 558.945 49.9554 0 43.3516 18.8167 18.8167 0 0 6
113799 604.357 45.4117 0 43.3516 21.7833 21.7833 0 0 9
850205 644.539 40.1821 0 43.3516 28.7167 28.7167 0 0 22
61054 685.969 41.4297 0 43.3516 29.35 29.35 0 0 2
315767 724.46 38.491 0 43.3516 30.6333 30.6333 0 0 4
141708 760.153 35.6935 0 43.3516 38.9833 38.9833 0 0 20
1003931 795.309 35.1552 0 43.3516 39.4333 39.4333 0 0 1
103957 829.626 34.3171 0 43.3516 47.65 47.65 0 0 22
172608 860.073 30.4473 0 43.3516 59.35 59.35 0 0 31
155208 892.763 32.6901 0 43.3516 63.3333 63.3333 0 0 10
328052 921.936 29.1733 0 43.3516 71.8 71.8 0 0 19
454291 948.945 27.0089 0 43.3516 75.0667 75.0667 0 0 8
346544 977.409 28.4639 0 43.3516 78.4833 78.4833 0 0 8
513366 1003.64 26.2308 0 43.3516 79.35 79.35 0 0 2
152636 1029.67 26.0303 0 43.3516 86.4333 86.4333 0 0 14
362129 1054.58 24.911 0 43.3516 95.7833 95.7833 0 0 18
511904 1080.16 25.5764 0 43.3516 104.8 104.8 0 0 16
962658 1104.91 24.7474 0 43.3516 105.283 105.283 0 0 1
110700 1128.61 23.7017 0 43.3516 111.3 111.3 0 0 11
209652 1151.52 22.9094 0 43.3516 115.033 115.033 0 0 7
380134 1177.28 25.7638 0 43.3516 115.583 115.583 0 0 1
584679 1198.88 21.6029 0 43.3516 139.117 139.117 0 0 38
526676 1218.55 19.6713 0 43.3516 179.55 179.55 0 0 60
98186 1238.71 20.1543 0 43.3516 181.317 181.317 0 0 3
199561 1259.12 20.4147 0 43.3516 183.533 183.533 0 0 3
226267 1280.54 21.4127 0 43.3516 195.017 195.017 0 0 18
17570 1300.75 20.2111 0 43.3516 201.15 201.15 0 0 9
929268 1319.72 18.9755 0 43.3516 203.117 203.117 0 0 3
36732 1339.31 19.5853 0 43.3516 210.7 210.7 0 0 10
187003 1358.2 18.8956 0 43.3516 224.433 224.433 0 0 18
584073 1378.9 20.7013 0 43.3516 229.25 229.25 0 0 7
432288 1398.18 19.2749 0 43.3516 242.083 242.083 0 0 19
34108 1416.97 18.7886 0 43.3516 247 247 0 0 7
344181 1433.43 16.4604 0 43.3516 285.85 285.85 0 0 51
863873 1450.8 17.3765 0 43.3516 286.7 286.7 0 0 1
328081 1470.71 19.9061 0 43.3516 294.783 294.783 0 0 11
248525 1486.09 15.3823 0 43.3516 356.95 356.95 0 0 78
170243 1504.63 18.5393 0 43.3516 357.667 357.667 0 0 1
143224 1519.95 15.3199 0 43.3516 374.15 374.15 0 0 23
238441 1535.9 15.9435 0 43.3516 375.583 375.583 0 0 2
26633 1551.34 15.4425 0 43.3516 380.433 380.433 0 0 7
318749 1566.58 15.2407 0 43.3516 390.133 390.133 0 0 12
87058 1581.73 15.1543 0 43.3516 395.683 395.683 0 0 7
