577123 221.984 221.984 0 43.2852 28.2 28.2 0 0 28878
214589 365.842 143.858 0 43.2852 30.2333 30.2333 0 0 11
346544 489.461 123.619 0 43.2852 32.1333 32.1333 0 0 8
850205 581.851 92.3899 0 43.375 39.7833 39.7833 0 0 32
975218 659.993 78.1418 0 43.375 48.3333 48.3333 0 0 31
86954 737.843 77.8503 0 43.375 48.8333 48.8333 0 0 2
115460 807.198 69.3553 0 43.375 63.6667 63.6667 0 0 43
65860 867.962 60.7635 0 43.375 81.0333 81.0333 0 0 44
702038 922.661 54.6991 0 43.375 96.2 96.2 0 0 40
634744 971.56 48.8988 0 43.375 124.233 124.233 0 0 72
23591 1025.12 53.5615 0 43.375 128.117 128.117 0 0 9
380134 1071.76 46.6384 0 43.375 138 138 0 0 20
128191 1118.15 46.3921 0 43.375 143.5 143.5 0 0 13
138585 1164.75 46.5969 0 43.375 183.517 183.517 0 0 79
332101 1180.9 16.1473 0 43.375 926.433 926.433 0 0 1429
152636 1198.44 17.5422 0 43.375 927.833 927.833 0 0 3
314398 1213.55 15.1107 0 43.375 1007.5 1007.5 0 0 153
246550 1250.08 36.5348 0 43.375 1039.85 1039.85 0 0 60
514497 1266.03 15.9469 0 43.375 1059.05 1059.05 0 0 36
413749 1280.34 14.314 0 43.375 1082.23 1082.23 0 0 44
438033 1294.62 14.2738 0 43.375 1118.03 1118.03 0 0 63
685386 1308.86 14.2462 0 43.375 1134.95 1134.95 0 0 31
737908 1323.73 14.869 0 43.375 1187.1 1187.1 0 0 86
734118 1337.18 13.451 0 43.375 1215.53 1215.53 0 0 47
36656 1352.89 15.7015 0 43.375 1216.77 1216.77 0 0 2
114609 1388.94 36.0488 0 43.375 1249.13 1249.13 0 0 51
160386 1419.7 30.7666 0 43.375 1250.6 1250.6 0 0 2
937011 1432.45 12.7527 0 43.375 1291.93 1291.93 0 0 64
243823 1446.53 14.0763 0 43.375 1292.53 1292.53 0 0 1
232482 1474.7 28.1731 0 43.375 1330.48 1330.48 0 0 55
306131 1488.01 13.309 0 43.375 1331.9 1331.9 0 0 2
436897 1503 14.9868 0 43.375 1357.32 1357.32 0 0 39
168897 1524.91 21.9116 0 43.375 1360.42 1360.42 0 0 5
107023 1559 34.0902 0 43.375 1365.43 1365.43 0 0 8
517293 1583.47 24.4648 0 43.375 1369.32 1369.32 0 0 6
133490 1608.99 25.5243 0 43.375 1391 1391 0 0 29
251176 1624.73 15.7367 0 43.375 1394.95 1394.95 0 0 5
316193 1646.78 22.0497 0 43.375 1510.2 1510.2 0 0 151
1021007 1658.24 11.4617 0 43.375 1551.55 1551.55 0 0 56
116384 1670.29 12.0492 0 43.375 1575.2 1575.2 0 0 28
247098 1682.01 11.7196 0 43.375 1584.62 1584.62 0 0 12
604418 1693.93 11.9198 0 43.375 1639.63 1639.63 0 0 67
92695 1716.62 22.6938 0 43.375 1656.23 1656.23 0 0 21
340017 1744.35 27.7333 0 43.375 1708.83 1708.83 0 0 64
89071 1756 11.645 0 43.375 1785.32 1785.32 0 0 96
242824 1768.47 12.4701 0 43.375 1826.43 1826.43 0 0 52
781157 1779.65 11.1765 0 43.375 1843.32 1843.32 0 0 21
110700 1799.61 19.9644 0 43.375 1865.87 1865.87 0 0 28
958709 1822.31 22.7017 0 43.375 1913.55 1913.55 0 0 56
599856 1831.95 9.63599 0 43.375 1974.87 1974.87 0 0 76
