702038 80.9091 80.9091 0 43.3047 11.05 11.05 0 0 28878
790771 154.447 73.5383 0 43.3047 11.1167 11.1167 0 0 1
114609 208.201 53.7538 0 43.3047 11.7 11.7 0 0 5
949635 256.847 48.6462 0 43.3047 12.65 12.65 0 0 7
252501 301.48 44.6328 0 43.3047 12.7667 12.7667 0 0 1
316193 346.175 44.6951 0 43.3047 13.2333 13.2333 0 0 3
128191 386.251 40.0753 0 43.3047 15.8667 15.8667 0 0 16
124234 422.414 36.1636 0 43.3047 17.15 17.15 0 0 6
133490 457.822 35.4082 0 43.3047 17.6167 17.6167 0 0 2
100088 490.289 32.4668 0 43.3047 19.3833 19.3833 0 0 8
232482 521.826 31.5365 0 43.3047 20.85 20.85 0 0 6
346544 551.142 29.3163 0 43.3047 25.15 25.15 0 0 15
929268 579.32 28.1781 0 43.3047 26.4 26.4 0 0 4
243409 606.553 27.2328 0 43.3047 27.7833 27.7833 0 0 4
65860 631.952 25.3987 0 43.3047 32.3667 32.3667 0 0 15
511798 655.257 23.3056 0 43.3047 38.8167 38.8167 0 0 22
253053 676.625 21.3679 0 43.3047 52.9167 52.9167 0 0 44
380134 699.585 22.9603 0 43.3047 53.8333 53.8333 0 0 3
511904 720.504 20.9189 0 43.3047 59.0333 59.0333 0 0 14
239262 739.295 18.7906 0 43.3047 70.1167 70.1167 0 0 31
784514 758.536 19.2405 0 43.3047 73.75 73.75 0 0 11
214589 776.942 18.4067 0 43.3047 75.1833 75.1833 0 0 4
64673 795.282 18.3394 0 43.3047 83.8167 83.8167 0 0 19
583034 813.669 18.3871 0 43.3047 90.2167 90.2167 0 0 16
80613 831.181 17.5123 0 43.3047 98.5333 98.5333 0 0 18
244307 848.376 17.1945 0 43.3047 101.317 101.317 0 0 7
19351 865.134 16.7584 0 43.3047 110.85 110.85 0 0 25
100988 880.648 15.5142 0 43.3047 128.9 128.9 0 0 42
105154 899.511 18.8632 0 43.3047 129.3 129.3 0 0 1
33897 915.335 15.8237 0 43.3047 143.467 143.467 0 0 31
145597 930.085 14.7498 0 43.3047 153.783 153.783 0 0 20
553748 945.023 14.9377 0 43.3047 170.533 170.533 0 0 38
352872 958.861 13.8384 0 43.3047 176.8 176.8 0 0 14
161119 975.991 17.13 0 43.3047 177.667 177.667 0 0 2
541678 989.768 13.7772 0 43.3047 181.267 181.267 0 0 7
209652 1004.34 14.5755 0 43.3047 188.367 188.367 0 0 14
1666 1018.03 13.6816 0 43.3047 190.033 190.033 0 0 3
512564 1032.71 14.6829 0 43.3047 194.583 194.583 0 0 8
26584 1046.14 13.4327 0 43.3047 217.183 217.183 0 0 38
90556 1060.47 14.329 0 43.3047 224.55 224.55 0 0 12
140229 1074.77 14.2968 0 43.3047 225.817 225.817 0 0 2
605978 1088.09 13.3199 0 43.3047 248.183 248.183 0 0 35
139154 1100.51 12.4243 0 43.3047 280.3 280.3 0 0 52
324173 1111.6 11.0845 0 43.3047 350.75 350.75 0 0 116
655285 1117.79 6.19604 0 43.3047 1163.2 1163.2 0 0 1387
33313 1124.18 6.38635 0 43.3047 1185.43 1185.43 0 0 45
748637 1130.91 6.73535 0 43.3047 1214.65 1214.65 0 0 59
182197 1138.59 7.67249 0 43.3047 1226.85 1226.85 0 0 25
611043 1146.42 7.83716 0 43.3047 1258.2 1258.2 0 0 55
137833 1152.66 6.23572 0 43.3047 1307.8 1307.8 0 0 95
