632900 200.413 200.413 0 43.2773 23.6667 23.6667 0 0 28878
37902 317.081 116.668 0 43.2773 26.1333 26.1333 0 0 16
252501 426.313 109.232 0 43.2773 27.2167 27.2167 0 0 5
128191 519.916 93.6032 0 43.2773 32.9833 32.9833 0 0 27
784514 605.947 86.0314 0 43.3711 36.9333 36.9333 0 0 17
699684 675.431 69.4842 0 43.3711 51.1 51.1 0 0 43
850205 742.934 67.5029 0 43.3711 54.75 54.75 0 0 10
332960 801.886 58.9514 0 43.3711 63.2333 63.2333 0 0 26
95336 855.846 53.9598 0 43.3711 78.3833 78.3833 0 0 37
40338 911.002 55.1568 0 43.3711 79.1 79.1 0 0 2
103733 959.849 48.8469 0 43.3711 101.783 101.783 0 0 51
380134 1001.38 41.5304 0 43.3711 151.8 151.8 0 0 106
177936 1040.31 38.9286 0 43.3711 183.617 183.617 0 0 68
168897 1078.41 38.0968 0 43.3711 184.9 184.9 0 0 3
17570 1115.1 36.6937 0 43.3711 191.217 191.217 0 0 13
23591 1154.04 38.9434 0 43.3711 196.333 196.333 0 0 10
318749 1191.54 37.4965 0 43.3711 196.867 196.867 0 0 1
595909 1229.51 37.9673 0 43.3711 201.833 201.833 0 0 8
101124 1260.52 31.011 0 43.3711 285.583 285.583 0 0 133
137833 1289.55 29.0286 0 43.3711 326.933 326.933 0 0 67
790771 1321.29 31.7426 0 43.3711 334.417 334.417 0 0 12
332101 1352.53 31.2391 0 43.3711 358.033 358.033 0 0 38
115637 1379.13 26.6077 0 43.3711 403.317 403.317 0 0 67
394177 1406.33 27.1982 0 43.3711 410.45 410.45 0 0 10
931241 1436.76 30.4299 0 43.3711 431.533 431.533 0 0 31
246586 1461.89 25.1227 0 43.3711 454.883 454.883 0 0 30
173427 1484.35 22.4678 0 43.3711 545.983 545.983 0 0 136
73253 1509.51 25.1542 0 43.3711 548.45 548.45 0 0 3
232169 1533.6 24.0902 0 43.3711 573.883 573.883 0 0 30
247751 1554.81 21.2087 0 43.3711 680.567 680.567 0 0 135
146240 1576.94 22.1329 0 43.3711 709.8 709.8 0 0 38
1028475 1598.23 21.2897 0 43.3711 723.8 723.8 0 0 18
852969 1618.23 20.0051 0 43.3711 744.15 744.15 0 0 26
432799 1638.05 19.8165 0 43.3711 759.433 759.433 0 0 19
432073 1657.98 19.9337 0 43.3711 789.333 789.333 0 0 36
239262 1675.99 18.0077 0 43.3711 906.2 906.2 0 0 141
120608 1693.83 17.8368 0 43.3711 912.133 912.133 0 0 7
596704 1712.23 18.3972 0 43.3711 915.8 915.8 0 0 5
744490 1730.1 17.8773 0 43.3711 948.5 948.5 0 0 36
232482 1748.16 18.0555 0 43.3711 949.467 949.467 0 0 1
150842 1769.68 21.5173 0 43.3711 962.75 962.75 0 0 15
227194 1790.43 20.7516 0 43.3711 996.883 996.883 0 0 38
55549 1811.37 20.9409 0 43.3711 1014.88 1014.88 0 0 20
834705 1832.89 21.5161 0 43.3711 1019.8 1019.8 0 0 5
201493 1845.54 12.6573 0 43.3711 1605.27 1605.27 0 0 628
112185 1858.47 12.9302 0 43.3711 1635.3 1635.3 0 0 33
973995 1873.57 15.0955 0 43.3711 1640.97 1640.97 0 0 6
143172 1886.68 13.1085 0 43.3711 1644.52 1644.52 0 0 4
247863 1898.85 12.173 0 43.3711 1721.15 1721.15 0 0 82
517293 1912.24 13.387 0 43.3711 1753.25 1753.25 0 0 34
