243686 354.667 354.667 0 43.2773 26.9 26.9 0 0 28878
312767 617.854 263.188 0 43.3516 42.8667 42.8667 0 0 8
177936 824.845 206.99 0 43.3516 45.3167 45.3167 0 0 6
80613 1013.2 188.358 0 43.3516 47.75 47.75 0 0 5
318023 1161.79 148.591 0 43.3516 58.4167 58.4167 0 0 20
591267 1284.37 122.577 0 43.3516 76.6667 76.6667 0 0 26
655285 1395.48 111.109 0 43.3516 99.8167 99.8167 0 0 16
114609 1491.53 96.0531 0 43.3516 125 125 0 0 34
100088 1570.83 79.2986 0 43.3516 179.467 179.467 0 0 68
209652 1650.54 79.7063 0 43.3516 193.267 193.267 0 0 17
201016 1720.86 70.3204 0 43.3516 222.083 222.083 0 0 34
335306 1785 64.1433 0 43.3516 259.683 259.683 0 0 42
40638 1848.59 63.5878 0 43.3516 266.633 266.633 0 0 7
923180 1916.11 67.519 0 43.3516 267.433 267.433 0 0 1
243409 1974.17 58.0605 0 43.3516 307.55 307.55 0 0 41
89005 2027.34 53.1698 0 43.3516 365.283 365.283 0 0 55
346544 2078.77 51.4307 0 43.3516 395.517 395.517 0 0 28
148510 2128.91 50.1455 0 43.3516 420.25 420.25 0 0 22
250630 2179.18 50.2625 0 43.4531 430.533 430.533 0 0 10
83462 2222.59 43.417 0 43.4531 531.467 531.467 0 0 91
177689 2265.5 42.9031 0 43.4531 548.35 548.35 0 0 15
850205 2312.84 47.3442 0 43.4531 550.533 550.533 0 0 2
145597 2356.14 43.302 0 43.4531 565.3 565.3 0 0 12
541678 2395.2 39.0615 0 43.4531 656.983 656.983 0 0 76
188292 2437.76 42.5557 0 43.4531 664.3 664.3 0 0 6
125558 2477.41 39.6506 0 43.4531 701.967 701.967 0 0 31
1041147 2515.28 37.8716 0 43.4531 713.317 713.317 0 0 10
647319 2551.05 35.7671 0 43.4531 785.633 785.633 0 0 58
977447 2587.04 35.9951 0 43.4531 806.1 806.1 0 0 17
504131 2622.17 35.1252 0 43.4531 812.1 812.1 0 0 5
630097 2655.28 33.1125 0 43.4531 939.517 939.517 0 0 99
790771 2686.53 31.2515 0 43.4531 1017.03 1017.03 0 0 57
232482 2718.17 31.6375 0 43.4531 1072.55 1072.55 0 0 45
671951 2748.32 30.1523 0 43.4531 1087.13 1087.13 0 0 11
1019845 2776.99 28.6699 0 43.4531 1146.5 1146.5 0 0 46
313693 2805.58 28.5896 0 43.4531 1188.95 1188.95 0 0 32
365052 2834.58 29.0015 0 43.4531 1205 1205 0 0 11
243473 2864.14 29.5562 0 43.4531 1242.37 1242.37 0 0 27
104178 2890.92 26.7771 0 43.4531 1308.03 1308.03 0 0 47
721676 2920.71 29.7961 0 43.4531 1334 1334 0 0 18
472819 2948.24 27.5288 0 43.4531 1402.55 1402.55 0 0 47
973995 2975.93 27.6895 0 43.4531 1428.18 1428.18 0 0 17
605568 3002.49 26.553 0 43.4531 1433.13 1433.13 0 0 3
63664 3026.34 23.8542 0 43.4531 1587.95 1587.95 0 0 98
174584 3052.67 26.3286 0 43.4531 1661.97 1661.97 0 0 47
380134 3077.3 24.6355 0 43.4531 1719.48 1719.48 0 0 37
915338 3099.53 22.2217 0 43.4531 1756.9 1756.9 0 0 24
10073 3120.18 20.6567 0 43.4531 1976.42 1976.42 0 0 139
554849 3143.12 22.9412 0 43.4531 1978.15 1978.15 0 0 1
137289 3163.83 20.7092 0 43.4531 2019.17 2019.17 0 0 26
