177936 127.838 127.838 0 43.2617 11.85 11.85 0 0 28878
161119 239.797 111.96 0 43.2617 12.1 12.1 0 0 2
37949 334.499 94.7015 0 43.2617 13.2333 13.2333 0 0 7
227441 420.384 85.8853 0 43.2617 13.7833 13.7833 0 0 3
113799 500.144 79.7604 0 43.3594 14.95 14.95 0 0 6
511951 566.739 66.5942 0 43.3594 17.3333 17.3333 0 0 10
517293 629.856 63.1172 0 43.3594 19.0667 19.0667 0 0 7
17974 691.871 62.0146 0 43.3594 19.0667 19.0667 0 0 0
61054 750.262 58.3917 0 43.3594 20.2667 20.2667 0 0 4
315767 804.927 54.6647 0 43.3594 24.4667 24.4667 0 0 11
850205 850.967 46.0405 0 43.3594 38.3167 38.3167 0 0 29
141708 896.07 45.1031 0 43.3594 40.75 40.75 0 0 5
172608 938.364 42.2934 0 43.3594 48.6833 48.6833 0 0 19
155208 977.218 38.8544 0 43.3594 56.45 56.45 0 0 17
252501 1014.97 37.7504 0 43.3594 62.1667 62.1667 0 0 12
1003931 1055.78 40.8151 0 43.3594 64.1333 64.1333 0 0 4
152636 1089.29 33.5018 0 43.3594 79.9167 79.9167 0 0 32
454291 1121.63 32.3488 0 43.3594 91.3167 91.3167 0 0 22
103957 1153.18 31.5499 0 43.3594 102 102 0 0 17
513366 1185.53 32.3409 0 43.3594 111.033 111.033 0 0 15
526676 1215.65 30.1284 0 43.3594 113.45 113.45 0 0 4
962658 1247.69 32.0345 0 43.3594 117.65 117.65 0 0 6
118076 1276.41 28.724 0 43.3594 128.433 128.433 0 0 16
226267 1306.1 29.687 0 43.3594 134.7 134.7 0 0 10
328052 1332.16 26.0565 0 43.3594 158.05 158.05 0 0 39
209652 1359.55 27.397 0 43.3594 167.267 167.267 0 0 13
187003 1383.56 24.0034 0 43.3594 192.567 192.567 0 0 35
370144 1407.83 24.2705 0 43.3594 197.867 197.867 0 0 7
432288 1431.49 23.662 0 43.3594 198.5 198.5 0 0 1
17570 1454.98 23.4943 0 43.3594 204.55 204.55 0 0 8
511904 1482.82 27.8333 0 43.3594 213.267 213.267 0 0 11
863873 1507.42 24.6011 0 43.3594 213.983 213.983 0 0 1
318749 1530.07 22.6486 0 43.3594 218.283 218.283 0 0 6
362129 1552.06 21.9968 0 43.3594 240.717 240.717 0 0 28
98186 1576.92 24.8608 0 43.3594 253.933 253.933 0 0 15
346544 1600.97 24.0428 0 43.3594 277.367 277.367 0 0 30
584073 1623.42 22.4558 0 43.3594 295.583 295.583 0 0 24
655285 1644.93 21.5073 0 43.3594 297.85 297.85 0 0 3
344181 1666.14 21.2156 0 43.3594 301.4 301.4 0 0 4
36732 1688.17 22.0275 0 43.3594 308.2 308.2 0 0 9
380134 1708.92 20.7507 0 43.3594 316.45 316.45 0 0 10
199561 1728.02 19.0946 0 43.3594 338.517 338.517 0 0 27
328081 1749.92 21.901 0 43.3594 341 341 0 0 3
110700 1770.83 20.9066 0 43.3594 362.1 362.1 0 0 23
39025 1788.38 17.5551 0 43.3594 406.567 406.567 0 0 49
95829 1806.65 18.2698 0 43.3594 433.15 433.15 0 0 29
170243 1826.14 19.49 0 43.3594 436.983 436.983 0 0 4
992020 1845.51 19.3657 0 43.3594 447.433 447.433 0 0 12
929268 1863.46 17.9575 0 43.3594 465.65 465.65 0 0 19
881829 1884.3 20.8365 0 43.3594 474.367 474.367 0 0 9
