790771 143.391 143.391 0 43.3047 14.4667 14.4667 0 0 28878
702038 267.977 124.586 0 43.3047 14.5667 14.5667 0 0 1
316193 358.603 90.6265 0 43.3047 15.1833 15.1833 0 0 4
949635 437.028 78.4249 0 43.3047 16.0833 16.0833 0 0 5
114609 508.528 71.4993 0 43.3047 17.5667 17.5667 0 0 7
128191 570.274 61.7468 0 43.3047 18.7167 18.7167 0 0 4
243409 619.269 48.9943 0 43.3047 23.75 23.75 0 0 18
929268 663.891 44.6227 0 43.3047 27.6333 27.6333 0 0 13
133490 705.261 41.3697 0 43.3047 32.5167 32.5167 0 0 15
100088 750.323 45.0622 0 43.3047 34.4667 34.4667 0 0 5
511798 789.511 39.1877 0 43.3047 36.75 36.75 0 0 6
346544 825.392 35.8811 0 43.3047 44.2 44.2 0 0 19
124234 859.767 34.3752 0 43.3047 51.55 51.55 0 0 19
239262 890.294 30.5269 0 43.3047 68.3 68.3 0 0 39
246586 917.749 27.455 0 43.3047 91.9 91.9 0 0 54
380134 942.626 24.8772 0 43.3047 118.867 118.867 0 0 57
64673 971.539 28.9126 0 43.3047 128.8 128.8 0 0 21
253053 997.101 25.5619 0 43.3047 130.1 130.1 0 0 3
232482 1021.25 24.1497 0 43.3047 137 137 0 0 14
583034 1042.98 21.7339 0 43.3047 172.267 172.267 0 0 72
1666 1063.51 20.522 0 43.3047 200.8 200.8 0 0 58
511904 1083.99 20.4845 0 43.3047 204.183 204.183 0 0 7
244307 1105.11 21.1145 0 43.3047 223.983 223.983 0 0 36
214589 1125.24 20.1384 0 43.3047 241.383 241.383 0 0 32
306029 1146.45 21.2069 0 43.3047 243.483 243.483 0 0 4
134915 1165.63 19.1746 0 43.3047 250.2 250.2 0 0 13
65860 1186.02 20.3912 0 43.3047 250.75 250.75 0 0 1
498998 1206.96 20.9391 0 43.3047 251.283 251.283 0 0 1
312767 1225.45 18.4904 0 43.3047 285 285 0 0 54
553748 1243.71 18.2677 0 43.3047 295.033 295.033 0 0 17
352872 1261.55 17.8379 0 43.3047 309.783 309.783 0 0 25
517293 1280.94 19.3833 0 43.3047 314.233 314.233 0 0 6
129091 1299.51 18.5717 0 43.3047 319 319 0 0 8
80613 1319.12 19.6176 0 43.3047 356.3 356.3 0 0 55
33897 1338.47 19.343 0 43.3047 375.833 375.833 0 0 29
314398 1353.9 15.4318 0 43.3047 408.317 408.317 0 0 47
751078 1370.51 16.6121 0 43.3047 416.067 416.067 0 0 11
180016 1387.93 17.4169 0 43.4141 425.183 425.183 0 0 14
209652 1403.55 15.6179 0 43.4141 426.483 426.483 0 0 2
915561 1418.27 14.7235 0 43.4141 454.183 454.183 0 0 39
105154 1436.69 18.4222 0 43.4141 477.933 477.933 0 0 30
89370 1450.8 14.1047 0 43.4141 509.783 509.783 0 0 42
512564 1465.84 15.0411 0 43.4141 510.467 510.467 0 0 1
6470 1481.61 15.7695 0 43.4141 511.833 511.833 0 0 2
160386 1497.64 16.0367 0 43.4141 516.667 516.667 0 0 7
26584 1512.32 14.6729 0 43.4141 556.75 556.75 0 0 53
234067 1525.97 13.6575 0 43.4141 574.667 574.667 0 0 23
145597 1539.33 13.3535 0 43.4141 591.95 591.95 0 0 24
144611 1553.63 14.3 0 43.4141 599.433 599.433 0 0 9
775668 1568.6 14.9731 0 43.4141 600.933 600.933 0 0 2
