252501 86.185 86.185 0 43.3125 13.7333 13.7333 0 0 28878
850205 161.458 75.2735 0 43.3125 13.7833 13.7833 0 0 1
177936 219.661 58.203 0 43.3125 14.65 14.65 0 0 9
161119 273.883 54.2213 0 43.3125 15.2333 15.2333 0 0 4
346544 323.881 49.9982 0 43.3125 16.3333 16.3333 0 0 8
517293 368.582 44.7013 0 43.3125 17.4833 17.4833 0 0 8
511951 411.068 42.4856 0 43.3125 18.3333 18.3333 0 0 5
238441 448.997 37.9288 0 43.3125 22.4333 22.4333 0 0 21
128191 488.644 39.6475 0 43.3125 26.0167 26.0167 0 0 18
37949 522.413 33.7685 0 43.3125 27.65 27.65 0 0 7
380134 557.656 35.2429 0 43.3125 29 29 0 0 5
124234 590.169 32.5138 0 43.3125 31.9 31.9 0 0 12
790771 623.585 33.4158 0 43.3125 36.7 36.7 0 0 17
145597 651.344 27.7592 0 43.3125 52.7 52.7 0 0 57
17570 677.808 26.4637 0 43.3125 54.5167 54.5167 0 0 5
240621 702.827 25.0187 0 43.3125 62.75 62.75 0 0 25
64673 727.383 24.5566 0 43.3125 67 67 0 0 12
929268 751.6 24.2165 0 43.3125 67.3833 67.3833 0 0 1
17974 778.001 26.4009 0 43.3125 70.8 70.8 0 0 9
139154 804.895 26.8942 0 43.3125 74.7 74.7 0 0 10
243409 826.082 21.1875 0 43.3125 105.433 105.433 0 0 75
784514 847.461 21.379 0 43.3125 106.95 106.95 0 0 4
114609 868.597 21.1352 0 43.3125 108.817 108.817 0 0 5
37902 889.451 20.8545 0 43.3125 110.733 110.733 0 0 5
318749 909.406 19.9551 0 43.3125 122.433 122.433 0 0 26
133490 931.862 22.4563 0 43.3125 132.117 132.117 0 0 21
100988 950.961 19.098 0 43.3125 153 153 0 0 46
513366 969.021 18.0606 0 43.3125 170.117 170.117 0 0 38
584073 987.744 18.7226 0 43.3125 177.667 177.667 0 0 16
955412 1006.26 18.5121 0 43.3125 189.85 189.85 0 0 26
102703 1024.42 18.1642 0 43.3125 194.367 194.367 0 0 10
187003 1044.67 20.2513 0 43.3125 200.917 200.917 0 0 14
132781 1062.56 17.8934 0 43.3125 203.883 203.883 0 0 5
110700 1083.42 20.8539 0 43.3125 211.333 211.333 0 0 12
239262 1099.72 16.3 0 43.3125 240.817 240.817 0 0 56
23591 1115.78 16.0625 0 43.3125 249.2 249.2 0 0 16
155208 1132.15 16.3712 0 43.3125 250.383 250.383 0 0 2
26584 1148.18 16.0227 0 43.3125 258.017 258.017 0 0 14
29658 1164.9 16.7214 0 43.3125 268.9 268.9 0 0 18
1003931 1180.66 15.7594 0 43.3125 318.15 318.15 0 0 81
362129 1195.91 15.2588 0 43.3125 331 331 0 0 22
248525 1211.32 15.4094 0 43.3125 334.833 334.833 0 0 6
55549 1227.49 16.1632 0 43.3125 341.917 341.917 0 0 11
818473 1242.87 15.3859 0 43.3125 343.05 343.05 0 0 2
168897 1258.17 15.2948 0 43.3125 350.167 350.167 0 0 11
115460 1273.03 14.8665 0 43.3125 353.083 353.083 0 0 5
605978 1287.14 14.1074 0 43.3125 360.85 360.85 0 0 13
209652 1301.27 14.13 0 43.3125 370.85 370.85 0 0 14
962658 1315.42 14.152 0 43.3125 382.4 382.4 0 0 16
511904 1328.57 13.1431 0 43.3125 444.45 444.45 0 0 89
