699713 134.334 134.334 0 43.3086 14.8167 14.8167 0 0 28878
128191 248.725 114.391 0 43.3086 15.6833 15.6833 0 0 3
850205 330.691 81.9663 0 43.3086 18.2667 18.2667 0 0 14
177936 408.732 78.0409 0 43.3086 19.0833 19.0833 0 0 4
701275 478.106 69.3739 0 43.3086 40.8 40.8 0 0 10
26542 541.359 63.2527 0 43.3086 43.5333 43.5333 0 0 10
870081 598.75 57.3916 0 43.3086 50.2333 50.2333 0 0 21
103001 652.076 53.3253 0 43.3086 56.2333 56.2333 0 0 18
35574 706.671 54.5953 0 43.3086 57.1833 57.1833 0 0 3
209652 758.349 51.6776 0 43.3086 59.4 59.4 0 0 6
887021 803.799 45.4509 0 43.3086 74.2833 74.2833 0 0 37
155208 849.95 46.1502 0 43.3086 75.0167 75.0167 0 0 2
238441 895.428 45.4786 0 43.3086 92.7667 92.7667 0 0 43
380134 933.133 37.7048 0 43.3086 97.8667 97.8667 0 0 11
517293 968.771 35.6376 0 43.3086 111.083 111.083 0 0 29
243409 1007.2 38.4247 0 43.3086 113.317 113.317 0 0 5
175186 1040.46 33.2684 0 43.3086 126.333 126.333 0 0 25
511798 1073.58 33.1206 0 43.3086 129.4 129.4 0 0 6
38888 1106.88 33.2977 0 43.3086 133.383 133.383 0 0 8
362129 1139.5 32.6189 0 43.3086 134.017 134.017 0 0 1
252501 1170.19 30.6896 0 43.3086 148.617 148.617 0 0 25
346544 1198.73 28.5374 0 43.3086 187.5 187.5 0 0 64
234607 1229.54 30.8082 0 43.3086 191.067 191.067 0 0 5
929268 1256.79 27.2557 0 43.3086 223.05 223.05 0 0 53
149580 1280.4 23.6047 0 43.3086 275.483 275.483 0 0 78
158189 1306.51 26.1158 0 43.3086 315.55 315.55 0 0 57
596623 1332.58 26.0712 0 43.3086 317.083 317.083 0 0 2
248525 1354.56 21.9767 0 43.3086 324.767 324.767 0 0 11
958111 1377.79 23.2286 0 43.3086 326.167 326.167 0 0 2
137833 1399.94 22.1553 0 43.3086 326.833 326.833 0 0 1
312767 1422.19 22.2426 0 43.3086 328.517 328.517 0 0 2
120051 1444.81 22.6195 0 43.3086 350.4 350.4 0 0 28
929491 1466.06 21.2498 0 43.3086 374.1 374.1 0 0 31
518832 1485.68 19.6255 0 43.4062 432.3 432.3 0 0 74
698847 1504.51 18.8324 0 43.4062 469.05 469.05 0 0 46
113689 1523.32 18.8088 0 43.4062 480.783 480.783 0 0 16
632995 1541.92 18.5989 0 43.4062 519.367 519.367 0 0 46
992020 1559.62 17.6938 0 43.4062 523.517 523.517 0 0 5
143224 1579.28 19.6598 0 43.4062 526.517 526.517 0 0 4
113799 1596.96 17.684 0 43.4062 558.633 558.633 0 0 37
17974 1615.42 18.463 0 43.4062 599.95 599.95 0 0 50
183349 1634.48 19.054 0 43.4062 615.183 615.183 0 0 20
981597 1651.11 16.6367 0 43.4062 637.967 637.967 0 0 24
788592 1668.95 17.8413 0 43.4062 667.067 667.067 0 0 34
421550 1684.2 15.2501 0 43.4062 688.95 688.95 0 0 24
170511 1699.49 15.2877 0 43.4062 699.267 699.267 0 0 11
247387 1714.51 15.0189 0 43.4062 718.55 718.55 0 0 21
678418 1730.5 15.985 0 43.4062 723.383 723.383 0 0 6
240621 1748.45 17.958 0 43.4062 727.933 727.933 0 0 5
241742 1762.13 13.6764 0 43.4062 847.017 847.017 0 0 127
