177936 171.368 171.368 0 43.3438 14.8833 14.8833 0 0 28878
161119 305.323 133.955 0 43.3438 15.5333 15.5333 0 0 4
37949 416.912 111.589 0 43.3438 17.1 17.1 0 0 9
227441 518.872 101.96 0 43.3438 18.25 18.25 0 0 5
113799 610.099 91.2274 0 43.3438 20.75 20.75 0 0 8
511951 688.164 78.0642 0 43.3438 24.0333 24.0333 0 0 12
517293 758.68 70.5167 0 43.3438 28.5167 28.5167 0 0 15
141708 828.431 69.7509 0 43.3438 29.75 29.75 0 0 4
17974 893.607 65.1754 0 43.3438 33.6833 33.6833 0 0 11
850205 953.428 59.8217 0 43.3438 40.65 40.65 0 0 14
315767 1008.51 55.0783 0 43.3438 52.2333 52.2333 0 0 22
61054 1060.63 52.1223 0 43.3438 56.9 56.9 0 0 10
172608 1110.84 50.2089 0 43.3438 69.2333 69.2333 0 0 27
1003931 1153.73 42.8947 0 43.3438 90.2833 90.2833 0 0 41
103957 1194.81 41.075 0 43.3438 104.85 104.85 0 0 25
432288 1236.19 41.3827 0 43.3438 106.05 106.05 0 0 2
454291 1277.79 41.6036 0 43.3438 108.083 108.083 0 0 3
155208 1317.23 39.4382 0 43.3438 116.183 116.183 0 0 13
118076 1354.69 37.4533 0 43.3438 131.117 131.117 0 0 21
328052 1393.59 38.9073 0 43.3438 140.667 140.667 0 0 14
252501 1427.42 33.8252 0 43.3438 168.333 168.333 0 0 42
152636 1460.78 33.3635 0 43.3438 172.383 172.383 0 0 5
346544 1492.41 31.6293 0 43.3438 195.617 195.617 0 0 31
584073 1521.75 29.3358 0 43.3438 221.767 221.767 0 0 38
226267 1553.49 31.7474 0 43.3438 223.167 223.167 0 0 2
362129 1583.78 30.283 0 43.3438 224.883 224.883 0 0 2
187003 1612.64 28.8671 0 43.3438 230.433 230.433 0 0 8
17570 1641.23 28.5846 0 43.3438 264 264 0 0 40
170243 1671.13 29.8982 0 43.3438 273.967 273.967 0 0 13
328081 1697.44 26.3109 0 43.3438 339 339 0 0 76
110700 1720.82 23.3833 0 43.3438 379.5 379.5 0 0 47
380134 1742.23 21.4126 0 43.3438 442.617 442.617 0 0 70
318749 1768.65 26.4188 0 43.3438 451.75 451.75 0 0 11
511904 1792.31 23.661 0 43.3438 461.917 461.917 0 0 11
513366 1813.25 20.9337 0 43.3438 465.367 465.367 0 0 4
242916 1841.16 27.918 0 43.3438 473.233 473.233 0 0 10
600335 1862.64 21.4706 0 43.3438 477.583 477.583 0 0 5
98186 1886.32 23.6851 0 43.3438 490.833 490.833 0 0 16
526676 1909.32 23.0029 0 43.3438 506.367 506.367 0 0 15
109224 1932.94 23.6162 0 43.3438 513.783 513.783 0 0 7
992020 1952.74 19.8031 0 43.3438 528.133 528.133 0 0 15
87058 1975.05 22.3066 0 43.3438 532.833 532.833 0 0 5
36732 1994.62 19.5754 0 43.3438 543.083 543.083 0 0 10
861127 2014.46 19.8374 0 43.3438 565.783 565.783 0 0 21
344181 2036.01 21.5482 0 43.3438 580.033 580.033 0 0 13
26633 2058.72 22.7067 0 43.3438 582.317 582.317 0 0 2
370144 2080.07 21.3567 0 43.3438 632.05 632.05 0 0 47
39025 2100.49 20.4119 0 43.3438 637.817 637.817 0 0 5
881829 2117.4 16.9153 0 43.3438 713.383 713.383 0 0 71
248525 2136.74 19.3347 0 43.3438 758.917 758.917 0 0 40
