702038 111.36 111.36 0 43.2539 12.7833 12.7833 0 0 28878
790771 201.362 90.0017 0 43.2539 12.9333 12.9333 0 0 2
949635 263.301 61.9397 0 43.3555 13.3833 13.3833 0 0 3
114609 321.277 57.976 0 43.3555 13.9333 13.9333 0 0 3
232482 373.179 51.902 0 43.3555 15.9667 15.9667 0 0 10
632509 423.208 50.0284 0 43.3555 16.5167 16.5167 0 0 3
100088 466.845 43.6373 0 43.3555 20.45 20.45 0 0 18
929268 507.713 40.8677 0 43.3555 22.2333 22.2333 0 0 9
239262 546.825 39.1118 0 43.3555 23.1 23.1 0 0 4
243409 584.192 37.3675 0 43.3555 25.35 25.35 0 0 9
133490 622.552 38.3598 0 43.3555 27.3167 27.3167 0 0 7
517293 656.175 33.6227 0 43.3555 33.55 33.55 0 0 18
252501 687.779 31.6039 0 43.3555 37.65 37.65 0 0 13
346544 709.506 21.7277 0 43.3555 80.8167 80.8167 0 0 128
244307 735.132 25.6257 0 43.3555 83.8667 83.8667 0 0 10
80613 759.537 24.4055 0 43.3555 87.7667 87.7667 0 0 12
128191 785.997 26.46 0 43.3555 96.4667 96.4667 0 0 20
143224 805.882 19.8846 0 43.3555 104.217 104.217 0 0 19
161119 833.04 27.158 0 43.3555 117.95 117.95 0 0 37
447691 852.788 19.7483 0 43.3555 120.817 120.817 0 0 6
511951 881.94 29.1512 0 43.3555 122.117 122.117 0 0 3
352872 900.163 18.2234 0 43.3555 140.6 140.6 0 0 42
124234 924.047 23.8835 0 43.3555 143.617 143.617 0 0 6
511904 946.365 22.318 0 43.3555 159.45 159.45 0 0 35
306029 967.765 21.3999 0 43.3555 164.533 164.533 0 0 12
380134 988.674 20.9098 0 43.3555 166.233 166.233 0 0 4
64673 1009.79 21.1146 0 43.3555 184.767 184.767 0 0 43
583034 1027.63 17.8433 0 43.3555 187.417 187.417 0 0 6
253053 1046.77 19.1406 0 43.3555 190.133 190.133 0 0 5
201493 1062.01 15.2421 0 43.3555 213.467 213.467 0 0 42
511798 1084.02 22.0055 0 43.3555 237.55 237.55 0 0 45
209652 1100.97 16.9492 0 43.3555 240.867 240.867 0 0 7
145597 1119.23 18.2622 0 43.3555 244.267 244.267 0 0 7
23591 1134.69 15.4547 0 43.3555 265.25 265.25 0 0 42
100988 1149.12 14.4313 0 43.3555 275.9 275.9 0 0 21
316193 1164.23 15.109 0 43.3555 278.467 278.467 0 0 5
410679 1179.65 15.4237 0 43.3555 282.667 282.667 0 0 8
835781 1193.33 13.6843 0 43.3555 314.9 314.9 0 0 56
65860 1210.16 16.8282 0 43.3555 329.95 329.95 0 0 25
541678 1228.99 18.825 0 43.3555 342.35 342.35 0 0 21
17974 1248.5 19.5165 0 43.3555 373.85 373.85 0 0 48
977447 1264.04 15.54 0 43.3555 389.8 389.8 0 0 25
140571 1276.62 12.575 0 43.3555 407.683 407.683 0 0 26
214589 1294.26 17.6416 0 43.3555 491.283 491.283 0 0 128
795 1306.79 12.5288 0 43.3555 502.467 502.467 0 0 17
115637 1319.31 12.5201 0 43.3555 504.983 504.983 0 0 4
10073 1331.49 12.181 0 43.3555 515.517 515.517 0 0 18
362129 1342.51 11.0228 0 43.3555 529.183 529.183 0 0 23
818473 1353.83 11.3136 0 43.3555 529.783 529.783 0 0 1
159960 1366.22 12.3961 0 43.3555 554.083 554.083 0 0 33
