252501 102.863 102.863 0 43.2969 5.5 5.5 0 0 28878
784514 181.753 78.8902 0 43.2969 6.05 6.05 0 0 1
901383 226.269 44.5152 0 43.2969 6.26667 6.26667 0 0 3
605978 259.033 32.7642 0 43.2969 6.73333 6.73333 0 0 5
432073 290.057 31.0244 0 43.2969 6.93333 6.93333 0 0 2
750338 313.901 23.844 0 43.2969 9.25 9.25 0 0 14
90556 337.098 23.1964 0 43.2969 10.0667 10.0667 0 0 3
100988 360.396 23.2982 0 43.2969 10.6 10.6 0 0 3
708504 382.724 22.3285 0 43.2969 11.7667 11.7667 0 0 3
106077 401.124 18.3998 0 43.2969 15.9333 15.9333 0 0 19
167619 420.161 19.0366 0 43.2969 16.2667 16.2667 0 0 1
917986 439.537 19.3764 0 43.2969 16.4833 16.4833 0 0 1
187003 456.702 17.1653 0 43.2969 19.4333 19.4333 0 0 13
713051 473.087 16.3853 0 43.2969 40.25 40.25 0 0 7
248967 490.253 17.1656 0 43.2969 41.05 41.05 0 0 3
958333 507.571 17.3181 0 43.2969 41.2667 41.2667 0 0 1
112185 524.347 16.7759 0 43.2969 42.6667 42.6667 0 0 6
120051 538.903 14.5557 0 43.2969 46.65 46.65 0 0 14
596623 553.514 14.6116 0 43.2969 47.65 47.65 0 0 3
128191 567.728 14.2132 0 43.2969 49.8167 49.8167 0 0 8
1038427 582.079 14.3513 0 43.2969 50.3667 50.3667 0 0 2
143172 597.204 15.1249 0 43.2969 50.6667 50.6667 0 0 1
90299 610.724 13.5204 0 43.2969 55.9333 55.9333 0 0 17
142808 623.388 12.6636 0 43.2969 62.8667 62.8667 0 0 18
40200 636.672 13.284 0 43.2969 63.25 63.25 0 0 1
413749 649.506 12.8345 0 43.2969 64.0833 64.0833 0 0 2
316281 661.726 12.22 0 43.2969 70.8167 70.8167 0 0 17
380134 673.917 12.1906 0 43.2969 78.0333 78.0333 0 0 19
244142 686.02 12.1035 0 43.2969 78.95 78.95 0 0 2
189418 696.756 10.7357 0 43.2969 88.3167 88.3167 0 0 25
1016513 707.128 10.3724 0 43.2969 95.35 95.35 0 0 19
560767 717.862 10.7335 0 43.2969 96.45 96.45 0 0 3
511904 730.143 12.2816 0 43.2969 97.9833 97.9833 0 0 4
106390 740.057 9.91302 0 43.2969 117.883 117.883 0 0 48
1045883 748.721 8.66498 0 43.2969 138.167 138.167 0 0 43
33313 758.006 9.28406 0 43.2969 141.133 141.133 0 0 7
60355 767.861 9.85535 0 43.2969 142.817 142.817 0 0 4
100979 776.845 8.9845 0 43.2969 144.233 144.233 0 0 3
168085 785.95 9.10425 0 43.2969 146.283 146.283 0 0 5
917237 794.91 8.96014 0 43.2969 153.733 153.733 0 0 20
1016441 803.247 8.33765 0 43.2969 155.65 155.65 0 0 5
115805 812.464 9.21631 0 43.2969 157.117 157.117 0 0 3
248525 821.344 8.87982 0 43.2969 167.967 167.967 0 0 22
858111 829.367 8.02344 0 43.2969 176.567 176.567 0 0 16
850205 838.332 8.96509 0 43.2969 177.117 177.117 0 0 1
239332 847.624 9.2923 0 43.2969 178.167 178.167 0 0 2
405663 856.715 9.09015 0 43.2969 178.717 178.717 0 0 1
973995 865.096 8.38171 0 43.2969 189.7 189.7 0 0 21
557607 873.181 8.08466 0 43.2969 192.95 192.95 0 0 6
568736 880.9 7.71863 0 43.2969 201.15 201.15 0 0 16
