65860 729.383 729.383 0 43.332 142.667 142.667 0 0 28878
133490 1094.6 365.217 0 43.3789 177.3 177.3 0 0 66
605978 1335.18 240.579 0 43.3789 252 252 0 0 130
632900 1516.23 181.049 0 43.3789 416.6 416.6 0 0 259
136340 1670.85 154.616 0 43.3789 521.6 521.6 0 0 150
591267 1791.37 120.528 0 43.3789 738.917 738.917 0 0 288
29658 1888.37 96.9935 0 43.3789 1028.63 1028.63 0 0 361
558283 1998.47 110.108 0 43.3789 1038.55 1038.55 0 0 12
239262 2079.25 80.7733 0 43.3789 1383.62 1383.62 0 0 383
247863 2156.41 77.1643 0 43.3789 1464.67 1464.67 0 0 91
183349 2231.52 75.1118 0 43.3789 1516.58 1516.58 0 0 56
232482 2293.64 62.1165 0 43.4414 1944.27 1944.27 0 0 431
246550 2359.98 66.3384 0 43.4414 1965.65 1965.65 0 0 21
498291 2423.1 63.1206 0 43.4414 2071.2 2071.2 0 0 95
177936 2484.83 61.7307 0 43.4414 2180.02 2180.02 0 0 108
1666 2543.3 58.4724 0 43.4414 2236.65 2236.65 0 0 50
837818 2595.91 52.6101 0 43.4414 2426.67 2426.67 0 0 165
138585 2645.56 49.6521 0 43.4414 2550.67 2550.67 0 0 107
362129 2669 23.4307 0 43.4414 5571.5 5571.5 0 0 2554
240134 2712.14 43.1492 0 43.4414 5617.53 5617.53 0 0 39
92695 2736.56 24.4185 0 43.4414 5630.98 5630.98 0 0 11
125991 2760.13 23.5706 0 43.4414 5636.67 5636.67 0 0 5
35406 2800.07 39.9348 0 43.4414 5750.67 5750.67 0 0 98
21787 2827.55 27.4802 0 43.4414 5778.67 5778.67 0 0 23
955412 2864.58 37.0271 0 43.4414 5815.75 5815.75 0 0 30
177689 2913.91 49.334 0 43.4414 5826.58 5826.58 0 0 10
324713 2964.46 50.5461 0 43.4414 5964.63 5964.63 0 0 112
93163 2986.43 21.9785 0 43.4414 6395.63 6395.63 0 0 338
129611 3026.76 40.323 0 43.4414 6446.67 6446.67 0 0 40
881829 3047.9 21.1453 0 43.4414 6517.92 6517.92 0 0 56
562046 3072.72 24.8181 0 43.4414 6558.13 6558.13 0 0 29
185026 3091.29 18.5652 0 43.4414 6777.62 6777.62 0 0 154
128191 3132.33 41.0474 0 43.4414 6815.02 6815.02 0 0 27
344181 3151.11 18.7791 0 43.4414 6816.22 6816.22 0 0 1
56985 3185.65 34.5383 0 43.4414 6890.65 6890.65 0 0 56
318749 3213.66 28.0061 0 43.4414 7014.1 7014.1 0 0 89
993740 3237.66 24.0046 0 43.4414 7043.12 7043.12 0 0 20
330720 3263.58 25.9165 0 43.4414 7256.83 7256.83 0 0 151
103236 3282.96 19.3772 0 43.4414 7267.97 7267.97 0 0 8
993808 3301.06 18.1082 0 43.4414 7486.68 7486.68 0 0 149
380134 3336.4 35.3315 0 43.4414 7506.57 7506.57 0 0 14
318300 3370.73 34.3308 0 43.4414 7758.33 7758.33 0 0 176
432501 3394.62 23.8975 0 43.4414 8224.45 8224.45 0 0 309
135721 3415.47 20.842 0 43.4414 8243.9 8243.9 0 0 12
118420 3446.54 31.0796 0 43.4414 8327.63 8327.63 0 0 51
196667 3466.04 19.4929 0 43.4414 8379.2 8379.2 0 0 32
17570 3497.99 31.9551 0 43.4414 8561.42 8561.42 0 0 119
813631 3513.78 15.7825 0 43.4414 8693.17 8693.17 0 0 83
113011 3527.61 13.8313 0 43.4414 8694.9 8694.9 0 0 1
120730 3546.49 18.8862 0 43.4414 8837.22 8837.22 0 0 85
