252501 90.1477 90.1477 0 43.2852 13.2833 13.2833 0 0 28878
128191 161.148 71.0001 0 43.2852 13.55 13.55 0 0 3
784514 224.267 63.1196 0 43.2852 14 14 0 0 4
240621 278.618 54.3512 0 43.2852 14.6333 14.6333 0 0 5
124234 325.57 46.9511 0 43.2852 15.7 15.7 0 0 9
850205 368.933 43.3631 0 43.2852 16.5333 16.5333 0 0 6
380134 395.403 26.4706 0 43.2852 31.25 31.25 0 0 84
364067 421.163 25.7601 0 43.2852 32.2333 32.2333 0 0 6
750338 444.967 23.8041 0 43.2852 38.6667 38.6667 0 0 32
346544 477.705 32.7373 0 43.2852 39.1 39.1 0 0 2
86954 498.699 20.9944 0 43.2852 48.05 48.05 0 0 44
605978 527.907 29.2075 0 43.2852 50.3333 50.3333 0 0 9
65860 555.002 27.0949 0 43.2852 52 52 0 0 6
102992 575.842 20.8401 0 43.2852 56.3167 56.3167 0 0 15
958333 598.951 23.1092 0 43.2852 61.6167 61.6167 0 0 21
511904 617.922 18.9708 0 43.2852 63.3333 63.3333 0 0 7
100988 639.332 21.4099 0 43.2852 68.3 68.3 0 0 17
110700 656.45 17.1187 0 43.2852 79.9 79.9 0 0 41
36656 674.115 17.665 0 43.2852 91.4333 91.4333 0 0 38
187003 690.256 16.1408 0 43.2852 98.6833 98.6833 0 0 23
137833 707.278 17.0217 0 43.2852 101.267 101.267 0 0 9
511798 728.246 20.9684 0 43.2852 107.75 107.75 0 0 19
90556 744.082 15.836 0 43.2852 108.4 108.4 0 0 2
168897 763.58 19.4979 0 43.2852 119.817 119.817 0 0 31
586942 779.912 16.3321 0 43.2852 134.5 134.5 0 0 41
596623 798.928 19.0158 0 43.2852 136.8 136.8 0 0 7
975218 814.148 15.22 0 43.2852 140.6 140.6 0 0 11
114609 831.245 17.0966 0 43.2852 155.533 155.533 0 0 35
120051 845.706 14.461 0 43.2852 168.983 168.983 0 0 28
214589 864.696 18.9906 0 43.2852 171.45 171.45 0 0 5
64673 884.189 19.4929 0 43.2852 182.283 182.283 0 0 24
246550 897.628 13.439 0 43.2852 192.083 192.083 0 0 24
102703 911.087 13.459 0 43.2852 204.533 204.533 0 0 28
1038427 923.873 12.7855 0 43.2852 215.3 215.3 0 0 20
929268 937.371 13.4985 0 43.2852 220.75 220.75 0 0 10
432073 953.485 16.114 0 43.3867 233.133 233.133 0 0 27
312767 965.662 12.1771 0 43.3867 255.717 255.717 0 0 46
167619 980.643 14.9804 0 43.3867 259.483 259.483 0 0 8
243409 997.093 16.4503 0 43.3867 259.917 259.917 0 0 1
818473 1010.03 12.9397 0 43.3867 264.15 264.15 0 0 8
115460 1024.12 14.0893 0 43.3867 277.85 277.85 0 0 25
318729 1036.58 12.4596 0 43.3867 280.617 280.617 0 0 6
248287 1048.57 11.9865 0 43.3867 287.45 287.45 0 0 13
132781 1060.27 11.7013 0 43.3867 309.9 309.9 0 0 39
88704 1072 11.7338 0 43.3867 315.517 315.517 0 0 9
699713 1085.9 13.8987 0 43.3867 331.85 331.85 0 0 30
29658 1098.52 12.6151 0 43.3867 337.767 337.767 0 0 10
145597 1109.29 10.7712 0 43.3867 387.183 387.183 0 0 89
34384 1120.77 11.4781 0 43.3867 389.717 389.717 0 0 5
917986 1131.81 11.0398 0 43.3867 390.233 390.233 0 0 1
