37949 116.93 116.93 0 43.2422 9.53333 9.53333 0 0 28878
161119 215.794 98.8636 0 43.3477 9.71667 9.71667 0 0 2
177936 298.999 83.2049 0 43.3477 10.45 10.45 0 0 7
113799 366.83 67.8311 0 43.3477 11.6833 11.6833 0 0 8
227441 434.033 67.2029 0 43.3477 11.9 11.9 0 0 1
511951 494.741 60.7082 0 43.3477 13.5 13.5 0 0 6
315767 550.267 55.526 0 43.3477 15.6 15.6 0 0 7
17974 604.68 54.4131 0 43.3477 16.9667 16.9667 0 0 5
61054 653.5 48.8196 0 43.3477 18.6167 18.6167 0 0 6
517293 701.84 48.3399 0 43.3477 20.2333 20.2333 0 0 4
141708 740.775 38.9355 0 43.3477 32.6667 32.6667 0 0 31
1003931 777.847 37.072 0 43.3477 38.3333 38.3333 0 0 13
155208 814.448 36.6005 0 43.3477 42.5833 42.5833 0 0 9
454291 850.294 35.8464 0 43.3477 45.5833 45.5833 0 0 6
172608 884.308 34.0142 0 43.3477 56.9833 56.9833 0 0 22
103957 919.58 35.2712 0 43.3477 60.2167 60.2167 0 0 7
513366 949.696 30.1168 0 43.3477 71.5 71.5 0 0 23
252501 977.45 27.7538 0 43.3477 90.8667 90.8667 0 0 36
526676 1007.19 29.7439 0 43.3477 94.0833 94.0833 0 0 6
511904 1035.05 27.8589 0 43.3477 104.35 104.35 0 0 17
242916 1062.18 27.1288 0 43.3477 105.6 105.6 0 0 2
118076 1089.79 27.6113 0 43.3477 113.633 113.633 0 0 13
850205 1120.32 30.5222 0 43.3477 114.8 114.8 0 0 2
432288 1144.31 23.9965 0 43.3477 140.067 140.067 0 0 38
152636 1169.24 24.9277 0 43.3477 143.05 143.05 0 0 5
328052 1195.26 26.0164 0 43.3477 144.1 144.1 0 0 2
962658 1219.18 23.9237 0 43.3477 147.45 147.45 0 0 6
362129 1244.46 25.2838 0 43.3477 148.717 148.717 0 0 2
346544 1267.03 22.5677 0 43.3477 173.15 173.15 0 0 35
176360 1285.47 18.4375 0 43.3477 224.067 224.067 0 0 68
87058 1305.58 20.1077 0 43.3477 226.1 226.1 0 0 3
226267 1326.36 20.7811 0 43.3477 227.283 227.283 0 0 2
17570 1346.52 20.1578 0 43.3477 227.917 227.917 0 0 1
109224 1368.57 22.0538 0 43.3477 228.733 228.733 0 0 1
344181 1388.58 20.0063 0 43.3477 237 237 0 0 12
36732 1406.74 18.168 0 43.3477 245.783 245.783 0 0 13
929268 1427.67 20.9254 0 43.3477 254.35 254.35 0 0 11
187003 1446.46 18.7881 0 43.3477 257.3 257.3 0 0 4
432537 1463.5 17.0458 0 43.3477 268.183 268.183 0 0 14
199561 1482.04 18.5415 0 43.3477 274.533 274.533 0 0 9
98186 1501.43 19.3824 0 43.3477 279.9 279.9 0 0 7
992020 1519.53 18.1035 0 43.3477 281.983 281.983 0 0 3
370144 1538.43 18.9022 0 43.3477 282.767 282.767 0 0 1
881829 1555.22 16.7913 0 43.3477 290.183 290.183 0 0 9
143224 1576.31 21.0885 0 43.3477 295.433 295.433 0 0 7
242698 1593.12 16.8053 0 43.3477 307.983 307.983 0 0 15
39025 1608.85 15.7358 0 43.3477 325.3 325.3 0 0 22
584073 1624.36 15.5042 0 43.3477 331.817 331.817 0 0 8
110700 1640.19 15.834 0 43.3477 335.15 335.15 0 0 4
380134 1657.07 16.8782 0 43.3477 335.983 335.983 0 0 1
