850205 458.13 458.13 0 43.3516 51.6667 51.6667 0 0 28878
346544 658.682 200.552 0 43.3516 58.7833 58.7833 0 0 31
240621 786.218 127.536 0 43.3516 80.3333 80.3333 0 0 81
177936 900.749 114.532 0 43.3516 95.6 95.6 0 0 52
128191 1001.21 100.459 0 43.3516 116.85 116.85 0 0 64
380134 1088.43 87.2231 0 43.3516 149.083 149.083 0 0 88
137833 1156.18 67.7488 0 43.3516 234.983 234.983 0 0 190
312767 1220.64 64.4546 0 43.3516 284.7 284.7 0 0 86
170206 1289.32 68.6843 0 43.3516 295.633 295.633 0 0 17
243409 1352.66 63.3389 0 43.3516 327.317 327.317 0 0 55
168897 1407.5 54.8446 0 43.3516 421.517 421.517 0 0 145
246754 1456.85 49.35 0 43.3516 517.383 517.383 0 0 144
421216 1502.64 45.7911 0 43.3516 595.9 595.9 0 0 122
145597 1546.26 43.615 0 43.3516 738.617 738.617 0 0 212
577123 1587.95 41.6943 0 43.3516 789.95 789.95 0 0 66
596623 1628.75 40.792 0 43.3516 803.983 803.983 0 0 20
80613 1674.35 45.6024 0 43.3516 804.65 804.65 0 0 1
790771 1708.02 33.6761 0 43.3516 1072.1 1072.1 0 0 345
29658 1744.03 36.0042 0 43.3516 1159.9 1159.9 0 0 108
234607 1776.45 32.4235 0 43.3516 1214.37 1214.37 0 0 70
65860 1807.14 30.6895 0 43.3516 1251.88 1251.88 0 0 48
114609 1840.36 33.2225 0 43.3516 1289.2 1289.2 0 0 45
17570 1869.87 29.5031 0 43.3516 1354.38 1354.38 0 0 78
318749 1898.94 29.0728 0 43.3516 1358.23 1358.23 0 0 5
37902 1927.84 28.9028 0 43.3516 1373.75 1373.75 0 0 18
38888 1961.36 33.5217 0 43.3516 1376.78 1376.78 0 0 3
701275 1989.6 28.2347 0 43.3516 1454.38 1454.38 0 0 80
103153 2016.3 26.6978 0 43.3516 1604.45 1604.45 0 0 161
37949 2042.21 25.9111 0 43.3516 1714.65 1714.65 0 0 115
115460 2067.98 25.7714 0 43.3516 1782.73 1782.73 0 0 67
1013533 2094.27 26.2947 0 43.4375 1826.77 1826.77 0 0 45
64673 2105.92 11.6497 0 43.4375 4722.85 4722.85 0 0 2916
511798 2132.52 26.5964 0 43.4375 4741.32 4741.32 0 0 17
632995 2144.07 11.5481 0 43.4375 4779.48 4779.48 0 0 39
158962 2157.42 13.3538 0 43.4375 5003.2 5003.2 0 0 212
98107 2168.43 11.0125 0 43.4375 5046.93 5046.93 0 0 42
107851 2180.23 11.7927 0 43.4375 5128.35 5128.35 0 0 81
186685 2192.48 12.2505 0 43.4375 5337.92 5337.92 0 0 202
884917 2203.89 11.4106 0 43.4375 5371.37 5371.37 0 0 32
17974 2214.68 10.7964 0 43.4375 5416.47 5416.47 0 0 43
1001717 2227.56 12.8792 0 43.4375 5432.08 5432.08 0 0 14
1666 2248.99 21.426 0 43.4375 5553.52 5553.52 0 0 113
32983 2259.17 10.1799 0 43.4375 5559.43 5559.43 0 0 6
164747 2274.06 14.8857 0 43.4375 5582.9 5582.9 0 0 24
47211 2287.74 13.6868 0 43.4375 5585.9 5585.9 0 0 3
352872 2300.37 12.6313 0 43.4375 5602.17 5602.17 0 0 14
1041147 2317.27 16.8992 0 43.4375 5616.92 5616.92 0 0 12
141910 2327.35 10.0813 0 43.4375 5771.95 5771.95 0 0 135
335306 2344.48 17.1257 0 43.4375 5853.03 5853.03 0 0 72
158063 2356.88 12.4011 0 43.4375 6018.53 6018.53 0 0 145
