577123 908.785 908.785 0 43.3477 96.1167 96.1167 0 0 28878
498291 1222.69 313.909 0 43.3477 131.167 131.167 0 0 68
432501 1403.42 180.722 0 43.375 211.2 211.2 0 0 154
346544 1551.88 148.466 0 43.375 289.233 289.233 0 0 119
955412 1654.22 102.341 0 43.375 463.8 463.8 0 0 272
29658 1749.46 95.2325 0 43.375 507.517 507.517 0 0 63
380134 1841.34 91.887 0 43.375 570.95 570.95 0 0 84
99384 1921.67 80.326 0 43.375 657.25 657.25 0 0 115
1666 1994.8 73.1362 0 43.375 756.317 756.317 0 0 128
168897 2059.86 65.0573 0 43.375 909.6 909.6 0 0 190
514816 2119.4 59.5417 0 43.375 1034.22 1034.22 0 0 153
776408 2174.54 55.1409 0 43.375 1166.93 1166.93 0 0 148
133132 2226.69 52.1477 0 43.375 1264.23 1264.23 0 0 114
167619 2278.46 51.7654 0 43.375 1278.13 1278.13 0 0 17
65860 2327.91 49.4565 0 43.375 1366.45 1366.45 0 0 100
80613 2375.34 47.428 0 43.375 1442.9 1442.9 0 0 79
421216 2415.02 39.6785 0 43.375 1828 1828 0 0 406
232482 2458.03 43.0093 0 43.375 1876.83 1876.83 0 0 48
102992 2492.53 34.4983 0 43.375 2142.4 2142.4 0 0 299
332101 2537.45 44.918 0 43.4414 2144.93 2144.93 0 0 3
114609 2570.03 32.5842 0 43.4414 2315.9 2315.9 0 0 179
411510 2601.84 31.8118 0 43.4414 2389.42 2389.42 0 0 66
128191 2637.21 35.3721 0 43.4414 2547.9 2547.9 0 0 138
553748 2666.96 29.7463 0 43.4414 2608.97 2608.97 0 0 54
452839 2699.79 32.8345 0 43.4414 2614.75 2614.75 0 0 5
246586 2730.34 30.5466 0 43.4414 2617.35 2617.35 0 0 2
242264 2759.72 29.3828 0 43.4414 2697.65 2697.65 0 0 68
340017 2790.04 30.312 0 43.4414 2859.97 2859.97 0 0 136
242843 2817.53 27.4907 0 43.4414 2908.63 2908.63 0 0 40
318749 2844.66 27.1323 0 43.4414 3034.07 3034.07 0 0 103
145597 2866.98 22.3223 0 43.4414 3855.3 3855.3 0 0 661
139154 2892.07 25.0925 0 43.4414 3993.3 3993.3 0 0 109
702038 2915.69 23.6111 0 43.4414 4001.43 4001.43 0 0 7
246754 2938.75 23.0605 0 43.4414 4030.97 4030.97 0 0 23
37949 2963.07 24.3235 0 43.4414 4071.43 4071.43 0 0 32
214589 2988.6 25.5288 0 43.4414 4145.52 4145.52 0 0 59
591267 3010.59 21.9946 0 43.4414 4229.1 4229.1 0 0 63
407207 3031.61 21.0129 0 43.4414 4239.98 4239.98 0 0 8
118420 3053.56 21.9553 0 43.4414 4403.3 4403.3 0 0 123
23591 3076.83 23.2642 0 43.4414 4433.43 4433.43 0 0 22
26584 3098.41 21.5867 0 43.4414 4459.78 4459.78 0 0 18
511951 3116.93 18.5215 0 43.4414 4827.03 4827.03 0 0 267
316623 3138.13 21.2012 0 43.4414 4939.75 4939.75 0 0 85
115460 3157.45 19.313 0 43.4414 5039.05 5039.05 0 0 65
17974 3181.56 24.1096 0 43.4414 5177.8 5177.8 0 0 100
155208 3198.99 17.428 0 43.4414 5743.95 5743.95 0 0 408
160386 3217.88 18.8906 0 43.4414 5750.23 5750.23 0 0 4
239262 3234.14 16.2678 0 43.4414 5888.7 5888.7 0 0 98
187003 3250.25 16.1038 0 43.4414 5908 5908 0 0 13
161119 3270.47 20.2197 0 43.4414 5950.28 5950.28 0 0 29
