252501 94.1501 94.1501 0 43.3086 9.4 9.4 0 0 28878
784514 168.015 73.865 0 43.3086 9.46667 9.46667 0 0 1
901383 220.385 52.3701 0 43.3086 9.65 9.65 0 0 2
177936 260.161 39.7763 0 43.3086 10.3833 10.3833 0 0 7
100088 296.568 36.4062 0 43.3086 11.8667 11.8667 0 0 11
240621 332.233 35.6653 0 43.3086 12.25 12.25 0 0 3
114609 362.825 30.5924 0 43.3086 14.8833 14.8833 0 0 17
380134 391.288 28.4626 0 43.3086 17.1167 17.1167 0 0 12
243686 420.349 29.0613 0 43.3086 17.3 17.3 0 0 1
346544 448.711 28.3613 0 43.3086 17.5 17.5 0 0 1
80613 475.247 26.5366 0 43.3086 20.75 20.75 0 0 15
100988 504.761 29.5137 0 43.3086 21.15 21.15 0 0 2
605978 532.521 27.7605 0 43.3086 21.5667 21.5667 0 0 2
312767 554.198 21.6761 0 43.3086 32.65 32.65 0 0 46
917986 575.56 21.3628 0 43.3086 33.4 33.4 0 0 3
145597 595.811 20.2506 0 43.3086 38.25 38.25 0 0 18
750338 616.629 20.8177 0 43.3086 38.5 38.5 0 0 1
432073 640.307 23.6782 0 43.3086 39.1167 39.1167 0 0 2
701759 659.527 19.22 0 43.3086 44.9833 44.9833 0 0 18
973995 677.549 18.0226 0 43.3086 56.4 56.4 0 0 38
170206 697.517 19.9677 0 43.3086 57.8833 57.8833 0 0 5
591267 715.788 18.2711 0 43.3086 59.55 59.55 0 0 5
168897 735.23 19.4422 0 43.3086 61.45 61.45 0 0 6
65860 753.174 17.9439 0 43.3086 61.8167 61.8167 0 0 1
40638 772.103 18.9285 0 43.3086 62.2 62.2 0 0 1
90556 791.144 19.041 0 43.3086 64.0833 64.0833 0 0 5
167619 809.356 18.2127 0 43.3086 74.55 74.55 0 0 26
187003 828.025 18.6692 0 43.3086 76.4 76.4 0 0 4
596623 842.622 14.597 0 43.3086 114.867 114.867 0 0 87
239403 857.857 15.2345 0 43.3086 116.133 116.133 0 0 3
950236 872.959 15.1021 0 43.3086 120.067 120.067 0 0 9
209652 887.601 14.6415 0 43.3086 126.533 126.533 0 0 16
655285 904.659 17.0587 0 43.3086 127.383 127.383 0 0 2
594641 918.607 13.9473 0 43.3086 140.5 140.5 0 0 28
64673 932.645 14.0383 0 43.3086 144.733 144.733 0 0 9
850205 946.136 13.4913 0 43.3086 145.667 145.667 0 0 2
26584 959.426 13.2898 0 43.3086 149.533 149.533 0 0 8
166311 972.859 13.4329 0 43.3086 151.817 151.817 0 0 4
818473 986.491 13.632 0 43.3086 155.883 155.883 0 0 7
929491 999.685 13.1943 0 43.3086 158.267 158.267 0 0 4
232482 1012.24 12.5573 0 43.3086 182.067 182.067 0 0 42
89005 1024.63 12.3866 0 43.3086 186.45 186.45 0 0 9
90299 1038 13.3678 0 43.3086 198.517 198.517 0 0 23
708504 1050.39 12.3917 0 43.3086 208.067 208.067 0 0 18
243409 1063.65 13.2572 0 43.3086 208.567 208.567 0 0 1
88704 1076.38 12.7308 0 43.3086 215.7 215.7 0 0 12
335306 1087.87 11.4918 0 43.3086 232.467 232.467 0 0 30
413749 1099.43 11.5593 0 43.3086 243.75 243.75 0 0 20
890519 1110.45 11.0265 0 43.3086 266.15 266.15 0 0 39
248287 1122.95 12.5004 0 43.3086 275.617 275.617 0 0 14
