252501 79.9347 79.9347 0 43.293 12.0333 12.0333 0 0 28878
177936 144.979 65.0441 0 43.293 12.2 12.2 0 0 2
901383 200.21 55.2311 0 43.293 12.4167 12.4167 0 0 2
784514 246.958 46.7483 0 43.293 12.6833 12.6833 0 0 2
632509 287.276 40.3177 0 43.293 14.0667 14.0667 0 0 9
161119 326.011 38.7351 0 43.293 14.9333 14.9333 0 0 5
100088 361.608 35.5967 0 43.293 16.15 16.15 0 0 7
100988 393.088 31.4802 0 43.293 18.5167 18.5167 0 0 14
380134 422.313 29.2251 0 43.293 22.25 22.25 0 0 20
232482 453.478 31.1652 0 43.293 22.8333 22.8333 0 0 3
346544 484.329 30.8506 0 43.293 24.1833 24.1833 0 0 5
80613 510.273 25.9442 0 43.293 32.3667 32.3667 0 0 30
209652 537.987 27.7137 0 43.293 32.7833 32.7833 0 0 2
421216 564.167 26.1806 0 43.293 36.8 36.8 0 0 13
511951 590.629 26.4615 0 43.293 37.1333 37.1333 0 0 1
605978 611.344 20.7156 0 43.293 52.7167 52.7167 0 0 53
114609 634.825 23.481 0 43.293 52.9833 52.9833 0 0 1
243686 654.113 19.288 0 43.293 69.5333 69.5333 0 0 50
238441 673.961 19.8474 0 43.293 70.5833 70.5833 0 0 3
187003 694.421 20.4605 0 43.293 71.3667 71.3667 0 0 2
410679 713.652 19.2305 0 43.293 72.6333 72.6333 0 0 3
248287 732.547 18.8948 0 43.293 75.4167 75.4167 0 0 7
17974 752.352 19.8056 0 43.293 81.1167 81.1167 0 0 15
128191 770.595 18.2431 0 43.293 84.65 84.65 0 0 10
655285 789.646 19.0508 0 43.293 93.75 93.75 0 0 25
201493 806.93 17.2843 0 43.293 102.733 102.733 0 0 19
145597 825.471 18.541 0 43.293 103.7 103.7 0 0 2
40638 844.025 18.5536 0 43.293 105.183 105.183 0 0 3
312767 862.21 18.1853 0 43.293 110.1 110.1 0 0 10
139154 882.539 20.3286 0 43.293 114.283 114.283 0 0 10
37949 897.344 14.8052 0 43.293 164.067 164.067 0 0 112
243409 914.111 16.7665 0 43.293 170.55 170.55 0 0 15
393948 932.132 18.0214 0 43.293 171.383 171.383 0 0 2
591267 946.395 14.2629 0 43.293 179.05 179.05 0 0 18
110700 963.21 16.8154 0 43.293 179.9 179.9 0 0 2
17570 977.856 14.6461 0 43.293 185.7 185.7 0 0 11
201016 993.843 15.9861 0 43.293 187.417 187.417 0 0 3
818473 1008.33 14.4847 0 43.293 187.983 187.983 0 0 1
750338 1022.83 14.5059 0 43.293 189.017 189.017 0 0 2
318749 1039.83 16.9984 0 43.293 191.55 191.55 0 0 4
132781 1053.35 13.5208 0 43.293 210.833 210.833 0 0 32
795 1067.28 13.9307 0 43.293 212.717 212.717 0 0 3
168897 1083.01 15.7224 0 43.293 216.733 216.733 0 0 7
170206 1096.57 13.5642 0 43.293 227.867 227.867 0 0 22
596623 1110.38 13.8088 0 43.293 230.433 230.433 0 0 5
88704 1123.9 13.525 0 43.293 240.167 240.167 0 0 17
64673 1139.33 15.4272 0 43.293 240.683 240.683 0 0 1
917986 1151.92 12.5935 0 43.3867 266.833 266.833 0 0 39
973995 1166.38 14.4558 0 43.3867 267.55 267.55 0 0 1
199561 1180.6 14.2157 0 43.3867 271.1 271.1 0 0 6
