850205 328.445 328.445 0 43.3477 39.2 39.2 0 0 28878
346544 495.125 166.68 0 43.3477 59.2667 59.2667 0 0 15
577123 611.349 116.224 0 43.3477 66.4167 66.4167 0 0 30
128191 709.88 98.5307 0 43.3477 73.7667 73.7667 0 0 26
177936 790.303 80.4232 0 43.3477 101.933 101.933 0 0 79
380134 872.654 82.3508 0 43.3477 107.567 107.567 0 0 16
1021354 941.01 68.356 0 43.3477 134.133 134.133 0 0 61
115460 965.32 24.3105 0 43.3477 648.2 648.2 0 0 1235
241237 993.318 27.9984 0 43.3477 656.417 656.417 0 0 19
661232 1021.84 28.5208 0 43.3477 656.8 656.8 0 0 1
250672 1045.71 23.8705 0 43.3477 688.05 688.05 0 0 68
517293 1090.69 44.9753 0 43.3477 698.4 698.4 0 0 20
242824 1116.63 25.9401 0 43.3477 706.1 706.1 0 0 14
161119 1167.22 50.5914 0 43.3477 726.033 726.033 0 0 37
514816 1205.43 38.2177 0 43.3477 743.533 743.533 0 0 34
776408 1239.2 33.7634 0 43.3477 780.467 780.467 0 0 69
762488 1260.32 21.1262 0 43.3477 814.083 814.083 0 0 56
37949 1303.86 43.5397 0 43.3477 862.4 862.4 0 0 79
29658 1348.68 44.8212 0 43.3477 870.467 870.467 0 0 12
214589 1370.01 21.329 0 43.3477 873.283 873.283 0 0 5
238441 1408.07 38.0515 0 43.3477 907.867 907.867 0 0 55
252501 1439.03 30.9696 0 43.3477 950.517 950.517 0 0 65
633342 1456.92 17.8882 0 43.3477 1028.65 1028.65 0 0 116
168897 1487.76 30.8333 0 43.3477 1137.55 1137.55 0 0 150
145597 1521.71 33.9531 0 43.3477 1152.95 1152.95 0 0 22
699739 1540.31 18.5957 0 43.3477 1186.13 1186.13 0 0 47
332101 1567.81 27.504 0 43.3477 1197.78 1197.78 0 0 16
232482 1586.86 19.0464 0 43.3477 1202.78 1202.78 0 0 8
240621 1615.91 29.0558 0 43.3477 1244.57 1244.57 0 0 59
332960 1635.68 19.7671 0 43.3477 1254.83 1254.83 0 0 13
871946 1653.11 17.4307 0 43.3477 1311.48 1311.48 0 0 77
318749 1680.16 27.0525 0 43.3477 1523.43 1523.43 0 0 280
423921 1696.99 16.8259 0 43.3477 1585.73 1585.73 0 0 83
102992 1721.9 24.9135 0 43.3477 1684.48 1684.48 0 0 129
246754 1736.53 14.6261 0 43.3477 1771.22 1771.22 0 0 110
170511 1750.33 13.8004 0 43.3477 1773.05 1773.05 0 0 2
108088 1763.19 12.8586 0 43.3477 1793.2 1793.2 0 0 27
37902 1783.35 20.1605 0 43.3477 1882.78 1882.78 0 0 108
95640 1796.21 12.8682 0 43.3477 1883.52 1883.52 0 0 1
790574 1808.3 12.0845 0 43.3477 1942.65 1942.65 0 0 72
790771 1826.19 17.8933 0 43.3477 2139.77 2139.77 0 0 225
164948 1838.05 11.859 0 43.3477 2298.33 2298.33 0 0 195
498291 1858.06 20.0129 0 43.3477 2445.08 2445.08 0 0 172
511951 1877.86 19.7944 0 43.3477 2515.27 2515.27 0 0 77
93163 1893.14 15.2771 0 43.3477 2526.82 2526.82 0 0 15
17570 1922.06 28.9259 0 43.3477 2542.33 2542.33 0 0 19
35746 1933.07 11.0121 0 43.3477 2598.33 2598.33 0 0 61
699684 1945.6 12.5282 0 43.3477 2600.72 2600.72 0 0 3
154020 1959.91 14.3092 0 43.3477 2611.63 2611.63 0 0 13
712515 1976.55 16.6359 0 43.3477 2800.33 2800.33 0 0 210
