252501 109.875 109.875 0 43.2969 4.01667 4.01667 0 0 28878
784514 188.056 78.1815 0 43.2969 4.06667 4.06667 0 0 1
901383 232.814 44.7577 0 43.2969 4.23333 4.23333 0 0 2
605978 263.046 30.2324 0 43.2969 4.85 4.85 0 0 7
432073 291.553 28.5073 0 43.2969 4.85 4.85 0 0 0
708504 314.808 23.2543 0 43.2969 5.78333 5.78333 0 0 8
90556 337.641 22.8332 0 43.2969 6.55 6.55 0 0 6
100988 358.717 21.0761 0 43.2969 7.48333 7.48333 0 0 7
750338 380.406 21.6888 0 43.2969 7.61667 7.61667 0 0 1
234237 401.726 21.3203 0 43.2969 8.06667 8.06667 0 0 3
917986 420.507 18.7809 0 43.2969 9.7 9.7 0 0 10
248967 439.531 19.0245 0 43.2969 10.0333 10.0333 0 0 2
112185 457.352 17.8209 0 43.2969 11.9667 11.9667 0 0 11
187003 473.563 16.2108 0 43.2969 13.45 13.45 0 0 8
713051 489.4 15.8368 0 43.2969 14.2167 14.2167 0 0 4
120051 505.335 15.9348 0 43.2969 14.4167 14.4167 0 0 1
958333 520.242 14.9071 0 43.2969 16.0667 16.0667 0 0 8
90299 536.248 16.0063 0 43.2969 16.4833 16.4833 0 0 2
1038427 550.478 14.2294 0 43.2969 18.6167 18.6167 0 0 10
142808 564.145 13.6675 0 43.2969 21 21 0 0 11
40200 577.876 13.731 0 43.2969 22.4167 22.4167 0 0 7
167619 592.874 14.9979 0 43.2969 23.45 23.45 0 0 5
244142 606.756 13.8819 0 43.2969 23.9167 23.9167 0 0 2
143172 619 12.2441 0 43.2969 27.6667 27.6667 0 0 15
596623 632.182 13.1823 0 43.2969 28.45 28.45 0 0 3
316281 645 12.8176 0 43.2969 32.9833 32.9833 0 0 17
514979 655.669 10.6695 0 43.2969 38.6833 38.6833 0 0 21
533112 666.844 11.1751 0 43.2969 40.9 40.9 0 0 8
189418 677.573 10.7281 0 43.2969 43.4333 43.4333 0 0 9
560767 688.985 11.4122 0 43.2969 44.8667 44.8667 0 0 5
128191 699.352 10.367 0 43.2969 50.4167 50.4167 0 0 19
1016441 708.858 9.50598 0 43.2969 51.5333 51.5333 0 0 4
60355 718.714 9.85577 0 43.2969 52.6333 52.6333 0 0 4
1045883 727.989 9.27563 0 43.2969 54.8 54.8 0 0 8
100979 737.666 9.67664 0 43.2969 55.0833 55.0833 0 0 1
1016513 746.758 9.0921 0 43.2969 55.3833 55.3833 0 0 1
405663 755.967 9.20947 0 43.2969 55.65 55.65 0 0 1
248525 765.846 9.87866 0 43.2969 57.3667 57.3667 0 0 6
858111 775.052 9.20636 0 43.2969 59.65 59.65 0 0 7
973995 783.561 8.50879 0 43.2969 65.1333 65.1333 0 0 18
33313 792.315 8.75391 0 43.2969 71.4333 71.4333 0 0 19
106390 799.735 7.42004 0 43.2969 91.6167 91.6167 0 0 60
239332 807.964 8.22925 0 43.2969 96.95 96.95 0 0 15
148044 816.644 8.67957 0 43.2969 97.6833 97.6833 0 0 2
568736 825.013 8.36945 0 43.2969 100.267 100.267 0 0 7
168085 833.871 8.85791 0 43.2969 101.383 101.383 0 0 3
917237 841.527 7.65588 0 43.2969 102.133 102.133 0 0 2
906184 848.591 7.06342 0 43.2969 107.367 107.367 0 0 14
364067 855.863 7.27222 0 43.2969 109.267 109.267 0 0 5
245000 862.944 7.08148 0 43.2969 114.683 114.683 0 0 14
