246586 199.949 199.949 0 43.3438 28.45 28.45 0 0 28878
128191 327.906 127.958 0 43.3438 29.9 29.9 0 0 11
346544 430.775 102.868 0 43.3438 32.0667 32.0667 0 0 13
252501 521.968 91.193 0 43.3438 34.9667 34.9667 0 0 12
380134 592.67 70.7021 0 43.3438 48.3667 48.3667 0 0 54
850205 657.719 65.0486 0 43.3438 55.2167 55.2167 0 0 24
115460 718.012 60.2934 0 43.3438 61.9 61.9 0 0 23
776408 774.685 56.6733 0 43.3438 66.4 66.4 0 0 14
29658 810.13 35.4451 0 43.3438 165.667 165.667 0 0 289
955412 844.2 34.0697 0 43.3438 178.7 178.7 0 0 36
1666 890.088 45.8876 0 43.3438 208.633 208.633 0 0 75
170367 936.421 46.3336 0 43.3438 209.317 209.317 0 0 2
209652 968.49 32.0693 0 43.3438 210.583 210.583 0 0 3
232482 997.174 28.684 0 43.3438 247.883 247.883 0 0 81
498291 1035.37 38.1915 0 43.3438 261.817 261.817 0 0 29
514816 1070.07 34.6992 0 43.3438 283.55 283.55 0 0 49
161119 1098.86 28.7996 0 43.3438 291.067 291.067 0 0 18
160386 1126.11 27.2483 0 43.3438 311.45 311.45 0 0 43
577123 1152.31 26.2017 0 43.3438 315.167 315.167 0 0 7
240621 1182.05 29.7388 0 43.3438 325.8 325.8 0 0 21
38888 1214.63 32.5743 0 43.3438 328.233 328.233 0 0 5
65860 1247.91 33.2817 0 43.3438 334.25 334.25 0 0 11
421216 1275.21 27.2958 0 43.3438 390.333 390.333 0 0 94
36656 1298.77 23.5657 0 43.3438 417.4 417.4 0 0 40
145597 1321.9 23.1302 0 43.3438 472.183 472.183 0 0 87
364067 1343.14 21.2346 0 43.3438 509.667 509.667 0 0 65
168897 1370.76 27.6287 0 43.3438 552.417 552.417 0 0 67
177936 1394.89 24.1267 0 43.3438 567.417 567.417 0 0 22
511798 1419.93 25.0349 0 43.3438 571.7 571.7 0 0 7
167619 1445.18 25.2496 0 43.3438 573.033 573.033 0 0 2
698847 1464.79 19.6157 0 43.3438 600.2 600.2 0 0 39
64673 1483.95 19.1556 0 43.3438 634.683 634.683 0 0 48
452839 1503.42 19.4718 0 43.3438 666.417 666.417 0 0 43
37949 1524.6 21.1829 0 43.3438 668.583 668.583 0 0 3
517293 1543.84 19.2426 0 43.3438 694.483 694.483 0 0 38
246754 1563.73 19.8817 0 43.3438 735.183 735.183 0 0 52
432501 1586.48 22.7566 0 43.3438 758.15 758.15 0 0 31
929268 1604.09 17.6024 0 43.3438 770.067 770.067 0 0 16
155208 1622.18 18.0924 0 43.3438 830.167 830.167 0 0 81
129611 1640.84 18.6604 0 43.3438 862.167 862.167 0 0 41
100988 1657.76 16.9242 0 43.3438 889.067 889.067 0 0 32
312767 1674.76 16.9943 0 43.3438 978.45 978.45 0 0 114
143224 1689.98 15.222 0 43.3438 1071.18 1071.18 0 0 119
123615 1705.59 15.6112 0 43.3438 1092.62 1092.62 0 0 25
103153 1722.1 16.5148 0 43.3438 1173.02 1173.02 0 0 95
931241 1736.61 14.5031 0 43.3438 1187.45 1187.45 0 0 19
340017 1750.73 14.1263 0 43.3438 1222.97 1222.97 0 0 43
102992 1768.46 17.7222 0 43.3438 1258.3 1258.3 0 0 41
973995 1783.94 15.4868 0 43.3438 1345.58 1345.58 0 0 103
80613 1796.94 12.9987 0 43.3438 1528.42 1528.42 0 0 202
