37949 104.423 104.423 0 43.3086 7.51667 7.51667 0 0 28878
161119 198.772 94.3497 0 43.3086 7.68333 7.68333 0 0 2
177936 277.491 78.7185 0 43.3086 8.25 8.25 0 0 6
227441 351.041 73.5499 0 43.3086 8.75 8.75 0 0 4
113799 416.767 65.7266 0 43.3086 9.78333 9.78333 0 0 6
17974 478.722 61.9545 0 43.3086 10.3333 10.3333 0 0 3
511951 532.241 53.5196 0 43.3086 12.3 12.3 0 0 9
315767 584.406 52.1649 0 43.3086 13.2333 13.2333 0 0 4
61054 633.192 48.7858 0 43.3086 13.7667 13.7667 0 0 2
141708 674.607 41.4147 0 43.3086 19.1333 19.1333 0 0 20
1003931 713.652 39.0452 0 43.3086 21.6 21.6 0 0 8
252501 754.253 40.6012 0 43.3086 22.2167 22.2167 0 0 2
517293 793.594 39.3408 0 43.3086 22.2167 22.2167 0 0 0
172608 831.812 38.218 0 43.3086 28.0667 28.0667 0 0 16
155208 862.63 30.8178 0 43.3086 42.7333 42.7333 0 0 38
103957 896.34 33.7103 0 43.3086 43.9 43.9 0 0 3
328052 925.944 29.6041 0 43.3086 48.3833 48.3833 0 0 11
118076 958.145 32.2003 0 43.3086 49.6667 49.6667 0 0 3
454291 985.292 27.1472 0 43.3086 55.5167 55.5167 0 0 15
962658 1011.84 26.5508 0 43.3086 59.1667 59.1667 0 0 9
513366 1038.86 27.0185 0 43.3086 65.15 65.15 0 0 14
526676 1064.1 25.2352 0 43.3086 69.8833 69.8833 0 0 11
511904 1089.5 25.4012 0 43.3086 73.5 73.5 0 0 8
242916 1114.89 25.396 0 43.3086 76.55 76.55 0 0 7
977447 1139.73 24.833 0 43.3086 80.7667 80.7667 0 0 9
850205 1149.08 9.35181 0 43.3086 340.683 340.683 0 0 569
49446 1158.33 9.25171 0 43.3086 344.95 344.95 0 0 8
362129 1181.11 22.7802 0 43.3086 352.433 352.433 0 0 14
863873 1203.8 22.6852 0 43.3086 364.9 364.9 0 0 23
447691 1214.89 11.0961 0 43.3086 367.233 367.233 0 0 4
152636 1238.91 24.0194 0 43.3086 380.6 380.6 0 0 25
370144 1257.82 18.9094 0 43.3086 440.317 440.317 0 0 127
174976 1267.53 9.71082 0 43.3086 460 460 0 0 32
226267 1284.78 17.2461 0 43.3086 472.383 472.383 0 0 20
86060 1293.19 8.41785 0 43.3086 475.567 475.567 0 0 5
455529 1300.98 7.78723 0 43.3086 485.15 485.15 0 0 15
432288 1321.21 20.2284 0 43.3086 485.8 485.8 0 0 1
33692 1329.55 8.34229 0 43.3086 488.417 488.417 0 0 4
377825 1336.53 6.97339 0 43.3086 515.667 515.667 0 0 55
87058 1352.1 15.5769 0 43.3086 590.55 590.55 0 0 138
105204 1360.97 8.86279 0 43.3086 591.183 591.183 0 0 1
851012 1379.11 18.1483 0 43.3086 600.483 600.483 0 0 17
371749 1385.57 6.45374 0 43.3086 607.2 607.2 0 0 11
165161 1403.16 17.5909 0 43.3086 624.317 624.317 0 0 33
344181 1421.36 18.198 0 43.3086 627.95 627.95 0 0 7
161234 1430.15 8.79126 0 43.3086 630.067 630.067 0 0 4
992020 1448.61 18.4612 0 43.3086 636.167 636.167 0 0 10
572543 1455.2 6.59399 0 43.3086 641.183 641.183 0 0 7
98186 1468.1 12.8943 0 43.3086 659.517 659.517 0 0 27
584073 1486.11 18.0099 0 43.3086 695.233 695.233 0 0 54
