252501 84.1571 84.1571 0 43.3047 6.35 6.35 0 0 28878
784514 135.36 51.2027 0 43.3047 6.53333 6.53333 0 0 1
901383 175.595 40.2357 0 43.3047 6.68333 6.68333 0 0 2
177936 209.793 34.198 0 43.3047 6.85 6.85 0 0 2
605978 235.976 26.1822 0 43.3047 7.83333 7.83333 0 0 8
161119 262.416 26.4404 0 43.3047 7.83333 7.83333 0 0 0
100988 286.752 24.3357 0 43.3047 8.66667 8.66667 0 0 6
432073 310.045 23.2931 0 43.3047 9.9 9.9 0 0 6
238441 332.016 21.9711 0 43.3047 11.8 11.8 0 0 7
128191 353.774 21.7578 0 43.3047 12.95 12.95 0 0 6
37949 373.238 19.4642 0 43.3047 16.8667 16.8667 0 0 19
17974 391.257 18.0186 0 43.3047 19.7667 19.7667 0 0 16
187003 410.264 19.0071 0 43.3047 39.6167 39.6167 0 0 2
511951 428.7 18.4366 0 43.3047 39.8833 39.8833 0 0 1
750338 446.18 17.4797 0 43.3047 41.5333 41.5333 0 0 6
112185 463.167 16.9867 0 43.3047 43.2667 43.2667 0 0 6
708504 480.277 17.1101 0 43.3047 43.8167 43.8167 0 0 2
380134 497.047 16.7702 0 43.3047 44.3 44.3 0 0 2
120051 513.167 16.1202 0 43.3047 48.2333 48.2333 0 0 13
917986 530.982 17.8149 0 43.3047 48.8833 48.8833 0 0 2
958333 544.906 13.9242 0 43.3047 61 61 0 0 42
143224 558.976 14.07 0 43.3047 63.75 63.75 0 0 10
155208 572.596 13.6193 0 43.3047 67.35 67.35 0 0 12
90556 587.88 15.2844 0 43.3047 67.9333 67.9333 0 0 2
102703 602.488 14.6077 0 43.3047 68.2167 68.2167 0 0 1
132781 616.994 14.5062 0 43.3047 70.1 70.1 0 0 6
511904 631.771 14.7766 0 43.3047 70.45 70.45 0 0 1
248967 645.458 13.6876 0 43.3047 72.4667 72.4667 0 0 6
139154 657.874 12.4157 0 43.3047 75.5333 75.5333 0 0 9
818473 671.166 13.2925 0 43.3047 78.25 78.25 0 0 7
596623 684.193 13.0266 0 43.3047 79.75 79.75 0 0 4
413749 698.862 14.669 0 43.3047 81.5833 81.5833 0 0 4
697583 710.273 11.4108 0 43.3047 93.3833 93.3833 0 0 31
850205 721.84 11.5668 0 43.3047 97.8167 97.8167 0 0 12
244142 733.003 11.163 0 43.3047 101.833 101.833 0 0 11
362129 744.478 11.4753 0 43.3047 102.217 102.217 0 0 1
115637 755.415 10.9368 0 43.3047 104.117 104.117 0 0 5
106077 767.437 12.0222 0 43.3047 109.233 109.233 0 0 11
1038427 778.592 11.1553 0 43.3047 116.167 116.167 0 0 14
248525 789.451 10.8584 0 43.3047 118.2 118.2 0 0 5
346544 800.673 11.2219 0 43.3047 119.433 119.433 0 0 3
568736 812.273 11.6008 0 43.3047 121.517 121.517 0 0 5
152636 822.219 9.94531 0 43.3047 137.983 137.983 0 0 34
232169 832.092 9.87305 0 43.3047 145 145 0 0 14
393948 841.648 9.55603 0 43.3047 157.25 157.25 0 0 23
26584 851.504 9.85596 0 43.3047 177.683 177.683 0 0 40
410679 860.624 9.11993 0 43.3047 178.1 178.1 0 0 1
167619 869.494 8.87036 0 43.3047 191.467 191.467 0 0 27
328052 878.146 8.65161 0 43.3047 199.05 199.05 0 0 14
170351 887.334 9.18811 0 43.3047 200.033 200.033 0 0 2
